getAnswerDur,showChoiceDur,showResultDur,isiDur,itiDur,iriDur,rpeHighMax,rpeLowMax,pCongruent,maxIncongInARow,blockCond,participant,session,condition,date,expName,psychopyVersion,OS,frameRate,key_resp_2.keys,key_resp_2.rt,key_resp_10.keys,key_resp_10.rt,key_resp_8.keys,key_resp_8.rt,rating_all_t.response,rating_all_t.rt,rating_all_t.tStart,rndRatTrial.thisRepN,rndRatTrial.thisTrialN,rndRatTrial.thisN,rndRatTrial.thisIndex,rndRatTrial.ran,Emo,Labs,Labs2,key_resp_9.keys,key_resp_9.rt,rating_all.response,rating_all.rt,rating_all.tStart,rndRat1.thisRepN,rndRat1.thisTrialN,rndRat1.thisN,rndRat1.thisIndex,rndRat1.ran,key_resp_3.keys,key_resp_3.rt,key_resp_4.keys,key_resp_4.rt,rating_alt.response,rating_alt.rt,AltC.thisRepN,AltC.thisTrialN,AltC.thisN,AltC.thisIndex,AltC.ran,alt_choices,pic_choices,TopAlt_Choice,rndRat2.thisRepN,rndRat2.thisTrialN,rndRat2.thisN,rndRat2.thisIndex,rndRat2.ran,key_resp_5.keys,key_resp_5.rt,rndRat3.thisRepN,rndRat3.thisTrialN,rndRat3.thisN,rndRat3.thisIndex,rndRat3.ran,key_resp_6.keys,key_resp_6.rt,rating_alt_2.response,rating_alt_2.rt,AltC2.thisRepN,AltC2.thisTrialN,AltC2.thisN,AltC2.thisIndex,AltC2.ran,alt_choices2,pic_choices2,TopAlt_Choice2,rndRat4.thisRepN,rndRat4.thisTrialN,rndRat4.thisN,rndRat4.thisIndex,rndRat4.ran,key_resp_7.keys,key_resp_7.rt,instrLoop.thisRepN,instrLoop.thisTrialN,instrLoop.thisN,instrLoop.thisIndex,instrLoop.ran,currSlide,currImage,currText,OC2Loop.thisRepN,OC2Loop.thisTrialN,OC2Loop.thisN,OC2Loop.thisIndex,OC2Loop.ran,targetHappiness,isHappyBlock,isCongruent,isWinOnTop,lastHappyRating,diff,sumDiff,RPE,winAmount,loseAmount,certainAmount,choice,outcome,outcomeAmount,currentWinnings,choiceKey.keys,choiceKey.rt,rndRat5.thisRepN,rndRat5.thisTrialN,rndRat5.thisN,rndRat5.thisIndex,rndRat5.ran,trialLoop.thisRepN,trialLoop.thisTrialN,trialLoop.thisN,trialLoop.thisIndex,trialLoop.ran,highAmount,finalWinnings,cashBonus,logWinningsLoop.thisRepN,logWinningsLoop.thisTrialN,logWinningsLoop.thisN,logWinningsLoop.thisIndex,logWinningsLoop.ran
3,4,1,1,2,30,5,0.03,0.7,3,Blocks_RestRandom.xlsx,60d0709ffc9b494cf65a266c,B7FA15BD-C10D-4585-91E8-B829C136E9F0,0,2023-08-25_16h11.22.118,Pilot_VExplicitOC_RG,2022.2.5,Win32,30.00120005,,,,,,,,,,,,,,,,,,,,,,,,,,,,,,,,,,,,,,,,,,,,,,,,,,,,,,,,,,,,,,,,,,,,,,,,,,,,,,,,,,,,,,,,,,,,,,,,,,,,,,,,,,,,,,,,,,,,,,,,
,,,,,,,,,,,60d0709ffc9b494cf65a266c,B7FA15BD-C10D-4585-91E8-B829C136E9F0,0,2023-08-25_16h11.22.118,Pilot_VExplicitOC_RG,2022.2.5,Win32,30.00120005,space,1.5068,,,,,,,,,,,,,,,,,,,,,,,,,,,,,,,,,,,,,,,,,,,,,,,,,,,,,,,,,,,,,,,,,,,,,,,,,,,,,,,,,,,,,,,,,,,,,,,,,,,,,,,,,,,,,,,,,,,,,,
,,,,,,,,,,,60d0709ffc9b494cf65a266c,B7FA15BD-C10D-4585-91E8-B829C136E9F0,0,2023-08-25_16h11.22.118,Pilot_VExplicitOC_RG,2022.2.5,Win32,30.00120005,,,space,3.4729,,,,,,,,,,,,,,,,,,,,,,,,,,,,,,,,,,,,,,,,,,,,,,,,,,,,,,,,,,,,,,,,,,,,,,,,,,,,,,,,,,,,,,,,,,,,,,,,,,,,,,,,,,,,,,,,,,,,
,,,,,,,,,,,60d0709ffc9b494cf65a266c,B7FA15BD-C10D-4585-91E8-B829C136E9F0,0,2023-08-25_16h11.22.118,Pilot_VExplicitOC_RG,2022.2.5,Win32,30.00120005,,,,,space,2.9325,,,,,,,,,,,,,,,,,,,,,,,,,,,,,,,,,,,,,,,,,,,,,,,,,,,,,,,,,,,,,,,,,,,,,,,,,,,,,,,,,,,,,,,,,,,,,,,,,,,,,,,,,,,,,,,,,,
,,,,,,,,,,,60d0709ffc9b494cf65a266c,B7FA15BD-C10D-4585-91E8-B829C136E9F0,0,2023-08-25_16h11.22.118,Pilot_VExplicitOC_RG,2022.2.5,Win32,30.00120005,,,,,,,100,3.8837,2.0021,0,0,0,1,1,frustrated,"frustrated, not frustrated","more frustrated, less frustrated",,,,,,,,,,,,,,,,,,,,,,,,,,,,,,,,,,,,,,,,,,,,,,,,,,,,,,,,,,,,,,,,,,,,,,,,,,,,,,,,,,,,,,,,,,,,,,,,,,,,,,,
,,,,,,,,,,,60d0709ffc9b494cf65a266c,B7FA15BD-C10D-4585-91E8-B829C136E9F0,0,2023-08-25_16h11.22.118,Pilot_VExplicitOC_RG,2022.2.5,Win32,30.00120005,,,,,,,100,2.7175,2.0168,0,1,1,2,1,bored,"bored, not bored","more bored, less bored",,,,,,,,,,,,,,,,,,,,,,,,,,,,,,,,,,,,,,,,,,,,,,,,,,,,,,,,,,,,,,,,,,,,,,,,,,,,,,,,,,,,,,,,,,,,,,,,,,,,,,,
,,,,,,,,,,,60d0709ffc9b494cf65a266c,B7FA15BD-C10D-4585-91E8-B829C136E9F0,0,2023-08-25_16h11.22.118,Pilot_VExplicitOC_RG,2022.2.5,Win32,30.00120005,,,,,,,51.11111111,2.8091,2.0166,0,2,2,0,1,happy,"unhappy, happy","less happy, more happy",,,,,,,,,,,,,,,,,,,,,,,,,,,,,,,,,,,,,,,,,,,,,,,,,,,,,,,,,,,,,,,,,,,,,,,,,,,,,,,,,,,,,,,,,,,,,,,,,,,,,,,
,,,,,,,,,,,60d0709ffc9b494cf65a266c,B7FA15BD-C10D-4585-91E8-B829C136E9F0,0,2023-08-25_16h11.22.118,Pilot_VExplicitOC_RG,2022.2.5,Win32,30.00120005,,,,,,,,,,,,,,,,,,space,0.8945,,,,,,,,,,,,,,,,,,,,,,,,,,,,,,,,,,,,,,,,,,,,,,,,,,,,,,,,,,,,,,,,,,,,,,,,,,,,,,,,,,,,,,,,,,,,,,,,,,,,,
,,,,,,,,,,,60d0709ffc9b494cf65a266c,B7FA15BD-C10D-4585-91E8-B829C136E9F0,0,2023-08-25_16h11.22.118,Pilot_VExplicitOC_RG,2022.2.5,Win32,30.00120005,,,,,,,,,,,,,,,happy,"unhappy, happy","less happy, more happy",,,56.2962963,2.7731,2.0155,0,0,0,0,1,,,,,,,,,,,,,,,,,,,,,,,,,,,,,,,,,,,,,,,,,,,,,,,,,,,,,,,,,,,,,,,,,,,,,,,,,,,,,,,,,,,,,,,,,,,,,
,,,,,,,,,,,60d0709ffc9b494cf65a266c,B7FA15BD-C10D-4585-91E8-B829C136E9F0,0,2023-08-25_16h11.22.118,Pilot_VExplicitOC_RG,2022.2.5,Win32,30.00120005,,,,,,,,,,,,,,,frustrated,"frustrated, not frustrated","more frustrated, less frustrated",,,-33.7037037,2.8981,2.0072,0,1,1,1,1,,,,,,,,,,,,,,,,,,,,,,,,,,,,,,,,,,,,,,,,,,,,,,,,,,,,,,,,,,,,,,,,,,,,,,,,,,,,,,,,,,,,,,,,,,,,,
,,,,,,,,,,,60d0709ffc9b494cf65a266c,B7FA15BD-C10D-4585-91E8-B829C136E9F0,0,2023-08-25_16h11.22.118,Pilot_VExplicitOC_RG,2022.2.5,Win32,30.00120005,,,,,,,,,,,,,,,bored,"bored, not bored","more bored, less bored",,,45.18518519,2.8852,2.008,0,2,2,2,1,,,,,,,,,,,,,,,,,,,,,,,,,,,,,,,,,,,,,,,,,,,,,,,,,,,,,,,,,,,,,,,,,,,,,,,,,,,,,,,,,,,,,,,,,,,,,
,,,,,,,,,,,60d0709ffc9b494cf65a266c,B7FA15BD-C10D-4585-91E8-B829C136E9F0,0,2023-08-25_16h11.22.118,Pilot_VExplicitOC_RG,2022.2.5,Win32,30.00120005,,,,,,,,,,,,,,,,,,,,,,,,,,,,space,9.4456,space,2.4139,48.14814815,2.5755,0,0,0,0,1,rest (looking at a fixed cross),001.png,,,,,,,,,,,,,,,,,,,,,,,,,,,,,,,,,,,,,,,,,,,,,,,,,,,,,,,,,,,,,,,,,,,,,,,,,,,,,,,,
,,,,,,,,,,,60d0709ffc9b494cf65a266c,B7FA15BD-C10D-4585-91E8-B829C136E9F0,0,2023-08-25_16h11.22.118,Pilot_VExplicitOC_RG,2022.2.5,Win32,30.00120005,,,,,,,,,,,,,,,,,,,,,,,,,,,,,,,,57.03703704,1.3832,0,1,1,1,1,stand up,002.png,,,,,,,,,,,,,,,,,,,,,,,,,,,,,,,,,,,,,,,,,,,,,,,,,,,,,,,,,,,,,,,,,,,,,,,,,,,,,,,,
,,,,,,,,,,,60d0709ffc9b494cf65a266c,B7FA15BD-C10D-4585-91E8-B829C136E9F0,0,2023-08-25_16h11.22.118,Pilot_VExplicitOC_RG,2022.2.5,Win32,30.00120005,,,,,,,,,,,,,,,,,,,,,,,,,,,,,,,,62.59259259,0.8647,0,2,2,2,1,stretch,003.png,,,,,,,,,,,,,,,,,,,,,,,,,,,,,,,,,,,,,,,,,,,,,,,,,,,,,,,,,,,,,,,,,,,,,,,,,,,,,,,,
,,,,,,,,,,,60d0709ffc9b494cf65a266c,B7FA15BD-C10D-4585-91E8-B829C136E9F0,0,2023-08-25_16h11.22.118,Pilot_VExplicitOC_RG,2022.2.5,Win32,30.00120005,,,,,,,,,,,,,,,,,,,,,,,,,,,,,,,,71.85185185,0.7233,0,3,3,3,1,make a drink,004.png,,,,,,,,,,,,,,,,,,,,,,,,,,,,,,,,,,,,,,,,,,,,,,,,,,,,,,,,,,,,,,,,,,,,,,,,,,,,,,,,
,,,,,,,,,,,60d0709ffc9b494cf65a266c,B7FA15BD-C10D-4585-91E8-B829C136E9F0,0,2023-08-25_16h11.22.118,Pilot_VExplicitOC_RG,2022.2.5,Win32,30.00120005,,,,,,,,,,,,,,,,,,,,,,,,,,,,,,,,89.62962963,0.9067,0,4,4,4,1,scroll social media,005.png,,,,,,,,,,,,,,,,,,,,,,,,,,,,,,,,,,,,,,,,,,,,,,,,,,,,,,,,,,,,,,,,,,,,,,,,,,,,,,,,
,,,,,,,,,,,60d0709ffc9b494cf65a266c,B7FA15BD-C10D-4585-91E8-B829C136E9F0,0,2023-08-25_16h11.22.118,Pilot_VExplicitOC_RG,2022.2.5,Win32,30.00120005,,,,,,,,,,,,,,,,,,,,,,,,,,,,,,,,71.48148148,0.9294,0,5,5,5,1,listen to music,006.png,,,,,,,,,,,,,,,,,,,,,,,,,,,,,,,,,,,,,,,,,,,,,,,,,,,,,,,,,,,,,,,,,,,,,,,,,,,,,,,,
,,,,,,,,,,,60d0709ffc9b494cf65a266c,B7FA15BD-C10D-4585-91E8-B829C136E9F0,0,2023-08-25_16h11.22.118,Pilot_VExplicitOC_RG,2022.2.5,Win32,30.00120005,,,,,,,,,,,,,,,,,,,,,,,,,,,,,,,,72.59259259,0.962,0,6,6,6,1,daydream,007.png,,,,,,,,,,,,,,,,,,,,,,,,,,,,,,,,,,,,,,,,,,,,,,,,,,,,,,,,,,,,,,,,,,,,,,,,,,,,,,,,
,,,,,,,,,,,60d0709ffc9b494cf65a266c,B7FA15BD-C10D-4585-91E8-B829C136E9F0,0,2023-08-25_16h11.22.118,Pilot_VExplicitOC_RG,2022.2.5,Win32,30.00120005,,,,,,,,,,,,,,,,,,,,,,,,,,,,,,,,100,0.7858,0,7,7,7,1,watch a short animation,008.png,,,,,,,,,,,,,,,,,,,,,,,,,,,,,,,,,,,,,,,,,,,,,,,,,,,,,,,,,,,,,,,,,,,,,,,,,,,,,,,,
,,,,,,,,,,,60d0709ffc9b494cf65a266c,B7FA15BD-C10D-4585-91E8-B829C136E9F0,0,2023-08-25_16h11.22.118,Pilot_VExplicitOC_RG,2022.2.5,Win32,30.00120005,,,,,,,,,,,,,,,,,,,,,,,,,,,,,,,,97.40740741,0.7467,0,8,8,8,1,read a novel,009.png,,,,,,,,,,,,,,,,,,,,,,,,,,,,,,,,,,,,,,,,,,,,,,,,,,,,,,,,,,,,,,,,,,,,,,,,,,,,,,,,
,,,,,,,,,,,60d0709ffc9b494cf65a266c,B7FA15BD-C10D-4585-91E8-B829C136E9F0,0,2023-08-25_16h11.22.118,Pilot_VExplicitOC_RG,2022.2.5,Win32,30.00120005,,,,,,,,,,,,,,,,,,,,,,,,,,,,,,,,75.18518519,0.4276,0,9,9,9,1,read the news,010.png,,,,,,,,,,,,,,,,,,,,,,,,,,,,,,,,,,,,,,,,,,,,,,,,,,,,,,,,,,,,,,,,,,,,,,,,,,,,,,,,
,,,,,,,,,,,60d0709ffc9b494cf65a266c,B7FA15BD-C10D-4585-91E8-B829C136E9F0,0,2023-08-25_16h11.22.118,Pilot_VExplicitOC_RG,2022.2.5,Win32,30.00120005,,,,,,,,,,,,,,,,,,,,,,,,,,,,,,,,72.22222222,0.4331,0,10,10,10,1,gambling game,011.png,,,,,,,,,,,,,,,,,,,,,,,,,,,,,,,,,,,,,,,,,,,,,,,,,,,,,,,,,,,,,,,,,,,,,,,,,,,,,,,,
,,,,,,,,,,,60d0709ffc9b494cf65a266c,B7FA15BD-C10D-4585-91E8-B829C136E9F0,0,2023-08-25_16h11.22.118,Pilot_VExplicitOC_RG,2022.2.5,Win32,30.00120005,,,,,,,,,,,,,,,frustrated,"frustrated, not frustrated","more frustrated, less frustrated",,,-47.40740741,3.0044,2.02,,,,,,,,,,,,,,,,,,,watch a short animation,0,0,0,1,1,,,,,,,,,,,,,,,,,,,,,,,,,,,,,,,,,,,,,,,,,,,,,,,,,,,,,,,,,,,,,,,,,,,,,,,,,,
,,,,,,,,,,,60d0709ffc9b494cf65a266c,B7FA15BD-C10D-4585-91E8-B829C136E9F0,0,2023-08-25_16h11.22.118,Pilot_VExplicitOC_RG,2022.2.5,Win32,30.00120005,,,,,,,,,,,,,,,happy,"unhappy, happy","less happy, more happy",,,-30.37037037,2.5088,2.0023,,,,,,,,,,,,,,,,,,,,0,1,1,0,1,,,,,,,,,,,,,,,,,,,,,,,,,,,,,,,,,,,,,,,,,,,,,,,,,,,,,,,,,,,,,,,,,,,,,,,,,,
,,,,,,,,,,,60d0709ffc9b494cf65a266c,B7FA15BD-C10D-4585-91E8-B829C136E9F0,0,2023-08-25_16h11.22.118,Pilot_VExplicitOC_RG,2022.2.5,Win32,30.00120005,,,,,,,,,,,,,,,bored,"bored, not bored","more bored, less bored",,,-25.55555556,2.9162,2.0189,,,,,,,,,,,,,,,,,,,,0,2,2,2,1,,,,,,,,,,,,,,,,,,,,,,,,,,,,,,,,,,,,,,,,,,,,,,,,,,,,,,,,,,,,,,,,,,,,,,,,,,
,,,,,,,,,,,60d0709ffc9b494cf65a266c,B7FA15BD-C10D-4585-91E8-B829C136E9F0,0,2023-08-25_16h11.22.118,Pilot_VExplicitOC_RG,2022.2.5,Win32,30.00120005,,,,,,,,,,,,,,,bored,"bored, not bored","more bored, less bored",,,-100,2.8208,2.0096,,,,,,,,,,,,,,,,,,,,,,,,,space,6.0187,0,0,0,2,1,,,,,,,,,,,,,,,,,,,,,,,,,,,,,,,,,,,,,,,,,,,,,,,,,,,,,,,,,,,,,,,,,,,
,,,,,,,,,,,60d0709ffc9b494cf65a266c,B7FA15BD-C10D-4585-91E8-B829C136E9F0,0,2023-08-25_16h11.22.118,Pilot_VExplicitOC_RG,2022.2.5,Win32,30.00120005,,,,,,,,,,,,,,,frustrated,"frustrated, not frustrated","more frustrated, less frustrated",,,-100,2.901,2.0107,,,,,,,,,,,,,,,,,,,,,,,,,,,0,1,1,1,1,,,,,,,,,,,,,,,,,,,,,,,,,,,,,,,,,,,,,,,,,,,,,,,,,,,,,,,,,,,,,,,,,,,
,,,,,,,,,,,60d0709ffc9b494cf65a266c,B7FA15BD-C10D-4585-91E8-B829C136E9F0,0,2023-08-25_16h11.22.118,Pilot_VExplicitOC_RG,2022.2.5,Win32,30.00120005,,,,,,,,,,,,,,,happy,"unhappy, happy","less happy, more happy",,,-100,2.9043,2.0075,,,,,,,,,,,,,,,,,,,,,,,,,,,0,2,2,0,1,,,,,,,,,,,,,,,,,,,,,,,,,,,,,,,,,,,,,,,,,,,,,,,,,,,,,,,,,,,,,,,,,,,
,,,,,,,,,,,60d0709ffc9b494cf65a266c,B7FA15BD-C10D-4585-91E8-B829C136E9F0,0,2023-08-25_16h11.22.118,Pilot_VExplicitOC_RG,2022.2.5,Win32,30.00120005,,,,,,,,,,,,,,,happy,"unhappy, happy","less happy, more happy",,,-100,6.8909,2.0099,,,,,,,,,,,,,,,,,,,,,,,,,,,0,0,0,0,1,,,,,,,,,,,,,,,,,,,,,,,,,,,,,,,,,,,,,,,,,,,,,,,,,,,,,,,,,,,,,,,,,,,
,,,,,,,,,,,60d0709ffc9b494cf65a266c,B7FA15BD-C10D-4585-91E8-B829C136E9F0,0,2023-08-25_16h11.22.118,Pilot_VExplicitOC_RG,2022.2.5,Win32,30.00120005,,,,,,,,,,,,,,,bored,"bored, not bored","more bored, less bored",,,-100,2.7923,2.0003,,,,,,,,,,,,,,,,,,,,,,,,,,,0,1,1,2,1,,,,,,,,,,,,,,,,,,,,,,,,,,,,,,,,,,,,,,,,,,,,,,,,,,,,,,,,,,,,,,,,,,,
,,,,,,,,,,,60d0709ffc9b494cf65a266c,B7FA15BD-C10D-4585-91E8-B829C136E9F0,0,2023-08-25_16h11.22.118,Pilot_VExplicitOC_RG,2022.2.5,Win32,30.00120005,,,,,,,,,,,,,,,frustrated,"frustrated, not frustrated","more frustrated, less frustrated",,,-100,2.7394,2,,,,,,,,,,,,,,,,,,,,,,,,,,,0,2,2,1,1,,,,,,,,,,,,,,,,,,,,,,,,,,,,,,,,,,,,,,,,,,,,,,,,,,,,,,,,,,,,,,,,,,,
,,,,,,,,,,,60d0709ffc9b494cf65a266c,B7FA15BD-C10D-4585-91E8-B829C136E9F0,0,2023-08-25_16h11.22.118,Pilot_VExplicitOC_RG,2022.2.5,Win32,30.00120005,,,,,,,,,,,,,,,happy,"unhappy, happy","less happy, more happy",,,-100,3.7955,2.0124,,,,,,,,,,,,,,,,,,,,,,,,,,,0,0,0,0,1,,,,,,,,,,,,,,,,,,,,,,,,,,,,,,,,,,,,,,,,,,,,,,,,,,,,,,,,,,,,,,,,,,,
,,,,,,,,,,,60d0709ffc9b494cf65a266c,B7FA15BD-C10D-4585-91E8-B829C136E9F0,0,2023-08-25_16h11.22.118,Pilot_VExplicitOC_RG,2022.2.5,Win32,30.00120005,,,,,,,,,,,,,,,frustrated,"frustrated, not frustrated","more frustrated, less frustrated",,,-100,2.6809,2.009,,,,,,,,,,,,,,,,,,,,,,,,,,,0,1,1,1,1,,,,,,,,,,,,,,,,,,,,,,,,,,,,,,,,,,,,,,,,,,,,,,,,,,,,,,,,,,,,,,,,,,,
,,,,,,,,,,,60d0709ffc9b494cf65a266c,B7FA15BD-C10D-4585-91E8-B829C136E9F0,0,2023-08-25_16h11.22.118,Pilot_VExplicitOC_RG,2022.2.5,Win32,30.00120005,,,,,,,,,,,,,,,bored,"bored, not bored","more bored, less bored",,,-100,2.7974,2.0149,,,,,,,,,,,,,,,,,,,,,,,,,,,0,2,2,2,1,,,,,,,,,,,,,,,,,,,,,,,,,,,,,,,,,,,,,,,,,,,,,,,,,,,,,,,,,,,,,,,,,,,
,,,,,,,,,,,60d0709ffc9b494cf65a266c,B7FA15BD-C10D-4585-91E8-B829C136E9F0,0,2023-08-25_16h11.22.118,Pilot_VExplicitOC_RG,2022.2.5,Win32,30.00120005,,,,,,,,,,,,,,,frustrated,"frustrated, not frustrated","more frustrated, less frustrated",,,,,2.0001,,,,,,,,,,,,,,,,,,,,,,,,,,,0,0,0,1,1,,,,,,,,,,,,,,,,,,,,,,,,,,,,,,,,,,,,,,,,,,,,,,,,,,,,,,,,,,,,,,,,,,,
,,,,,,,,,,,60d0709ffc9b494cf65a266c,B7FA15BD-C10D-4585-91E8-B829C136E9F0,0,2023-08-25_16h11.22.118,Pilot_VExplicitOC_RG,2022.2.5,Win32,30.00120005,,,,,,,,,,,,,,,bored,"bored, not bored","more bored, less bored",,,-100,5.6913,2.0032,,,,,,,,,,,,,,,,,,,,,,,,,,,0,1,1,2,1,,,,,,,,,,,,,,,,,,,,,,,,,,,,,,,,,,,,,,,,,,,,,,,,,,,,,,,,,,,,,,,,,,,
,,,,,,,,,,,60d0709ffc9b494cf65a266c,B7FA15BD-C10D-4585-91E8-B829C136E9F0,0,2023-08-25_16h11.22.118,Pilot_VExplicitOC_RG,2022.2.5,Win32,30.00120005,,,,,,,,,,,,,,,happy,"unhappy, happy","less happy, more happy",,,-100,2.8946,2.0063,,,,,,,,,,,,,,,,,,,,,,,,,,,0,2,2,0,1,,,,,,,,,,,,,,,,,,,,,,,,,,,,,,,,,,,,,,,,,,,,,,,,,,,,,,,,,,,,,,,,,,,
,,,,,,,,,,,60d0709ffc9b494cf65a266c,B7FA15BD-C10D-4585-91E8-B829C136E9F0,0,2023-08-25_16h11.22.118,Pilot_VExplicitOC_RG,2022.2.5,Win32,30.00120005,,,,,,,,,,,,,,,frustrated,"frustrated, not frustrated","more frustrated, less frustrated",,,-100,3.537,2.0073,,,,,,,,,,,,,,,,,,,,,,,,,,,0,0,0,1,1,,,,,,,,,,,,,,,,,,,,,,,,,,,,,,,,,,,,,,,,,,,,,,,,,,,,,,,,,,,,,,,,,,,
,,,,,,,,,,,60d0709ffc9b494cf65a266c,B7FA15BD-C10D-4585-91E8-B829C136E9F0,0,2023-08-25_16h11.22.118,Pilot_VExplicitOC_RG,2022.2.5,Win32,30.00120005,,,,,,,,,,,,,,,bored,"bored, not bored","more bored, less bored",,,-100,2.6977,2.0013,,,,,,,,,,,,,,,,,,,,,,,,,,,0,1,1,2,1,,,,,,,,,,,,,,,,,,,,,,,,,,,,,,,,,,,,,,,,,,,,,,,,,,,,,,,,,,,,,,,,,,,
,,,,,,,,,,,60d0709ffc9b494cf65a266c,B7FA15BD-C10D-4585-91E8-B829C136E9F0,0,2023-08-25_16h11.22.118,Pilot_VExplicitOC_RG,2022.2.5,Win32,30.00120005,,,,,,,,,,,,,,,happy,"unhappy, happy","less happy, more happy",,,-100,5.3867,2.0156,,,,,,,,,,,,,,,,,,,,,,,,,,,0,2,2,0,1,,,,,,,,,,,,,,,,,,,,,,,,,,,,,,,,,,,,,,,,,,,,,,,,,,,,,,,,,,,,,,,,,,,
,,,,,,,,,,,60d0709ffc9b494cf65a266c,B7FA15BD-C10D-4585-91E8-B829C136E9F0,0,2023-08-25_16h11.22.118,Pilot_VExplicitOC_RG,2022.2.5,Win32,30.00120005,,,,,,,,,,,,,,,frustrated,"frustrated, not frustrated","more frustrated, less frustrated",,,-100,2.9036,2.0184,,,,,,,,,,,,,,,,,,,,,,,,,,,0,0,0,1,1,,,,,,,,,,,,,,,,,,,,,,,,,,,,,,,,,,,,,,,,,,,,,,,,,,,,,,,,,,,,,,,,,,,
,,,,,,,,,,,60d0709ffc9b494cf65a266c,B7FA15BD-C10D-4585-91E8-B829C136E9F0,0,2023-08-25_16h11.22.118,Pilot_VExplicitOC_RG,2022.2.5,Win32,30.00120005,,,,,,,,,,,,,,,bored,"bored, not bored","more bored, less bored",,,-100,5.7569,2.0196,,,,,,,,,,,,,,,,,,,,,,,,,,,0,1,1,2,1,,,,,,,,,,,,,,,,,,,,,,,,,,,,,,,,,,,,,,,,,,,,,,,,,,,,,,,,,,,,,,,,,,,
,,,,,,,,,,,60d0709ffc9b494cf65a266c,B7FA15BD-C10D-4585-91E8-B829C136E9F0,0,2023-08-25_16h11.22.118,Pilot_VExplicitOC_RG,2022.2.5,Win32,30.00120005,,,,,,,,,,,,,,,happy,"unhappy, happy","less happy, more happy",,,-100,4.9671,2.0072,,,,,,,,,,,,,,,,,,,,,,,,,,,0,2,2,0,1,,,,,,,,,,,,,,,,,,,,,,,,,,,,,,,,,,,,,,,,,,,,,,,,,,,,,,,,,,,,,,,,,,,
,,,,,,,,,,,60d0709ffc9b494cf65a266c,B7FA15BD-C10D-4585-91E8-B829C136E9F0,0,2023-08-25_16h11.22.118,Pilot_VExplicitOC_RG,2022.2.5,Win32,30.00120005,,,,,,,,,,,,,,,bored,"bored, not bored","more bored, less bored",,,,,2.013,,,,,,,,,,,,,,,,,,,,,,,,,,,0,0,0,2,1,,,,,,,,,,,,,,,,,,,,,,,,,,,,,,,,,,,,,,,,,,,,,,,,,,,,,,,,,,,,,,,,,,,
,,,,,,,,,,,60d0709ffc9b494cf65a266c,B7FA15BD-C10D-4585-91E8-B829C136E9F0,0,2023-08-25_16h11.22.118,Pilot_VExplicitOC_RG,2022.2.5,Win32,30.00120005,,,,,,,,,,,,,,,happy,"unhappy, happy","less happy, more happy",,,-74.81481481,6.638,2.0126,,,,,,,,,,,,,,,,,,,,,,,,,,,0,1,1,0,1,,,,,,,,,,,,,,,,,,,,,,,,,,,,,,,,,,,,,,,,,,,,,,,,,,,,,,,,,,,,,,,,,,,
,,,,,,,,,,,60d0709ffc9b494cf65a266c,B7FA15BD-C10D-4585-91E8-B829C136E9F0,0,2023-08-25_16h11.22.118,Pilot_VExplicitOC_RG,2022.2.5,Win32,30.00120005,,,,,,,,,,,,,,,frustrated,"frustrated, not frustrated","more frustrated, less frustrated",,,-100,3.6061,2.0115,,,,,,,,,,,,,,,,,,,,,,,,,,,0,2,2,1,1,,,,,,,,,,,,,,,,,,,,,,,,,,,,,,,,,,,,,,,,,,,,,,,,,,,,,,,,,,,,,,,,,,,
,,,,,,,,,,,60d0709ffc9b494cf65a266c,B7FA15BD-C10D-4585-91E8-B829C136E9F0,0,2023-08-25_16h11.22.118,Pilot_VExplicitOC_RG,2022.2.5,Win32,30.00120005,,,,,,,,,,,,,,,bored,"bored, not bored","more bored, less bored",,,-100,6.526,2.0182,,,,,,,,,,,,,,,,,,,,,,,,,,,0,0,0,2,1,,,,,,,,,,,,,,,,,,,,,,,,,,,,,,,,,,,,,,,,,,,,,,,,,,,,,,,,,,,,,,,,,,,
,,,,,,,,,,,60d0709ffc9b494cf65a266c,B7FA15BD-C10D-4585-91E8-B829C136E9F0,0,2023-08-25_16h11.22.118,Pilot_VExplicitOC_RG,2022.2.5,Win32,30.00120005,,,,,,,,,,,,,,,frustrated,"frustrated, not frustrated","more frustrated, less frustrated",,,-100,2.8016,2.0108,,,,,,,,,,,,,,,,,,,,,,,,,,,0,1,1,1,1,,,,,,,,,,,,,,,,,,,,,,,,,,,,,,,,,,,,,,,,,,,,,,,,,,,,,,,,,,,,,,,,,,,
,,,,,,,,,,,60d0709ffc9b494cf65a266c,B7FA15BD-C10D-4585-91E8-B829C136E9F0,0,2023-08-25_16h11.22.118,Pilot_VExplicitOC_RG,2022.2.5,Win32,30.00120005,,,,,,,,,,,,,,,happy,"unhappy, happy","less happy, more happy",,,-100,2.9698,2.0143,,,,,,,,,,,,,,,,,,,,,,,,,,,0,2,2,0,1,,,,,,,,,,,,,,,,,,,,,,,,,,,,,,,,,,,,,,,,,,,,,,,,,,,,,,,,,,,,,,,,,,,
,,,,,,,,,,,60d0709ffc9b494cf65a266c,B7FA15BD-C10D-4585-91E8-B829C136E9F0,0,2023-08-25_16h11.22.118,Pilot_VExplicitOC_RG,2022.2.5,Win32,30.00120005,,,,,,,,,,,,,,,happy,"unhappy, happy","less happy, more happy",,,9.62962963,5.2795,2.0156,,,,,,,,,,,,,,,,,,,,,,,,,,,0,0,0,0,1,,,,,,,,,,,,,,,,,,,,,,,,,,,,,,,,,,,,,,,,,,,,,,,,,,,,,,,,,,,,,,,,,,,
,,,,,,,,,,,60d0709ffc9b494cf65a266c,B7FA15BD-C10D-4585-91E8-B829C136E9F0,0,2023-08-25_16h11.22.118,Pilot_VExplicitOC_RG,2022.2.5,Win32,30.00120005,,,,,,,,,,,,,,,frustrated,"frustrated, not frustrated","more frustrated, less frustrated",,,-59.62962963,3.4875,2.0127,,,,,,,,,,,,,,,,,,,,,,,,,,,0,1,1,1,1,,,,,,,,,,,,,,,,,,,,,,,,,,,,,,,,,,,,,,,,,,,,,,,,,,,,,,,,,,,,,,,,,,,
,,,,,,,,,,,60d0709ffc9b494cf65a266c,B7FA15BD-C10D-4585-91E8-B829C136E9F0,0,2023-08-25_16h11.22.118,Pilot_VExplicitOC_RG,2022.2.5,Win32,30.00120005,,,,,,,,,,,,,,,bored,"bored, not bored","more bored, less bored",,,-100,3.4687,2.0151,,,,,,,,,,,,,,,,,,,,,,,,,,,0,2,2,2,1,,,,,,,,,,,,,,,,,,,,,,,,,,,,,,,,,,,,,,,,,,,,,,,,,,,,,,,,,,,,,,,,,,,
,,,,,,,,,,,60d0709ffc9b494cf65a266c,B7FA15BD-C10D-4585-91E8-B829C136E9F0,0,2023-08-25_16h11.22.118,Pilot_VExplicitOC_RG,2022.2.5,Win32,30.00120005,,,,,,,,,,,,,,,bored,"bored, not bored","more bored, less bored",,,-100,3.3845,2.0055,,,,,,,,,,,,,,,,,,,,,,,,,,,0,0,0,2,1,,,,,,,,,,,,,,,,,,,,,,,,,,,,,,,,,,,,,,,,,,,,,,,,,,,,,,,,,,,,,,,,,,,
,,,,,,,,,,,60d0709ffc9b494cf65a266c,B7FA15BD-C10D-4585-91E8-B829C136E9F0,0,2023-08-25_16h11.22.118,Pilot_VExplicitOC_RG,2022.2.5,Win32,30.00120005,,,,,,,,,,,,,,,frustrated,"frustrated, not frustrated","more frustrated, less frustrated",,,-100,6.0297,2.0144,,,,,,,,,,,,,,,,,,,,,,,,,,,0,1,1,1,1,,,,,,,,,,,,,,,,,,,,,,,,,,,,,,,,,,,,,,,,,,,,,,,,,,,,,,,,,,,,,,,,,,,
,,,,,,,,,,,60d0709ffc9b494cf65a266c,B7FA15BD-C10D-4585-91E8-B829C136E9F0,0,2023-08-25_16h11.22.118,Pilot_VExplicitOC_RG,2022.2.5,Win32,30.00120005,,,,,,,,,,,,,,,happy,"unhappy, happy","less happy, more happy",,,-100,5.1166,2.0023,,,,,,,,,,,,,,,,,,,,,,,,,,,0,2,2,0,1,,,,,,,,,,,,,,,,,,,,,,,,,,,,,,,,,,,,,,,,,,,,,,,,,,,,,,,,,,,,,,,,,,,
,,,,,,,,,,,60d0709ffc9b494cf65a266c,B7FA15BD-C10D-4585-91E8-B829C136E9F0,0,2023-08-25_16h11.22.118,Pilot_VExplicitOC_RG,2022.2.5,Win32,30.00120005,,,,,,,,,,,,,,,frustrated,"frustrated, not frustrated","more frustrated, less frustrated",,,,,2.0147,,,,,,,,,,,,,,,,,,,,,,,,,,,0,0,0,1,1,,,,,,,,,,,,,,,,,,,,,,,,,,,,,,,,,,,,,,,,,,,,,,,,,,,,,,,,,,,,,,,,,,,
,,,,,,,,,,,60d0709ffc9b494cf65a266c,B7FA15BD-C10D-4585-91E8-B829C136E9F0,0,2023-08-25_16h11.22.118,Pilot_VExplicitOC_RG,2022.2.5,Win32,30.00120005,,,,,,,,,,,,,,,bored,"bored, not bored","more bored, less bored",,,-100,4.9774,2.0174,,,,,,,,,,,,,,,,,,,,,,,,,,,0,1,1,2,1,,,,,,,,,,,,,,,,,,,,,,,,,,,,,,,,,,,,,,,,,,,,,,,,,,,,,,,,,,,,,,,,,,,
,,,,,,,,,,,60d0709ffc9b494cf65a266c,B7FA15BD-C10D-4585-91E8-B829C136E9F0,0,2023-08-25_16h11.22.118,Pilot_VExplicitOC_RG,2022.2.5,Win32,30.00120005,,,,,,,,,,,,,,,happy,"unhappy, happy","less happy, more happy",,,,,2.0189,,,,,,,,,,,,,,,,,,,,,,,,,,,0,2,2,0,1,,,,,,,,,,,,,,,,,,,,,,,,,,,,,,,,,,,,,,,,,,,,,,,,,,,,,,,,,,,,,,,,,,,
,,,,,,,,,,,60d0709ffc9b494cf65a266c,B7FA15BD-C10D-4585-91E8-B829C136E9F0,0,2023-08-25_16h11.22.118,Pilot_VExplicitOC_RG,2022.2.5,Win32,30.00120005,,,,,,,,,,,,,,,bored,"bored, not bored","more bored, less bored",,,,,2.0087,,,,,,,,,,,,,,,,,,,,,,,,,,,0,0,0,2,1,,,,,,,,,,,,,,,,,,,,,,,,,,,,,,,,,,,,,,,,,,,,,,,,,,,,,,,,,,,,,,,,,,,
,,,,,,,,,,,60d0709ffc9b494cf65a266c,B7FA15BD-C10D-4585-91E8-B829C136E9F0,0,2023-08-25_16h11.22.118,Pilot_VExplicitOC_RG,2022.2.5,Win32,30.00120005,,,,,,,,,,,,,,,happy,"unhappy, happy","less happy, more happy",,,-100,6.8515,2.0021,,,,,,,,,,,,,,,,,,,,,,,,,,,0,1,1,0,1,,,,,,,,,,,,,,,,,,,,,,,,,,,,,,,,,,,,,,,,,,,,,,,,,,,,,,,,,,,,,,,,,,,
,,,,,,,,,,,60d0709ffc9b494cf65a266c,B7FA15BD-C10D-4585-91E8-B829C136E9F0,0,2023-08-25_16h11.22.118,Pilot_VExplicitOC_RG,2022.2.5,Win32,30.00120005,,,,,,,,,,,,,,,frustrated,"frustrated, not frustrated","more frustrated, less frustrated",,,-100,4.5938,2.0202,,,,,,,,,,,,,,,,,,,,,,,,,,,0,2,2,1,1,,,,,,,,,,,,,,,,,,,,,,,,,,,,,,,,,,,,,,,,,,,,,,,,,,,,,,,,,,,,,,,,,,,
,,,,,,,,,,,60d0709ffc9b494cf65a266c,B7FA15BD-C10D-4585-91E8-B829C136E9F0,0,2023-08-25_16h11.22.118,Pilot_VExplicitOC_RG,2022.2.5,Win32,30.00120005,,,,,,,,,,,,,,,happy,"unhappy, happy","less happy, more happy",,,-100,3.3512,2.0191,,,,,,,,,,,,,,,,,,,,,,,,,,,0,0,0,0,1,,,,,,,,,,,,,,,,,,,,,,,,,,,,,,,,,,,,,,,,,,,,,,,,,,,,,,,,,,,,,,,,,,,
,,,,,,,,,,,60d0709ffc9b494cf65a266c,B7FA15BD-C10D-4585-91E8-B829C136E9F0,0,2023-08-25_16h11.22.118,Pilot_VExplicitOC_RG,2022.2.5,Win32,30.00120005,,,,,,,,,,,,,,,bored,"bored, not bored","more bored, less bored",,,-100,2.8789,2.003,,,,,,,,,,,,,,,,,,,,,,,,,,,0,1,1,2,1,,,,,,,,,,,,,,,,,,,,,,,,,,,,,,,,,,,,,,,,,,,,,,,,,,,,,,,,,,,,,,,,,,,
,,,,,,,,,,,60d0709ffc9b494cf65a266c,B7FA15BD-C10D-4585-91E8-B829C136E9F0,0,2023-08-25_16h11.22.118,Pilot_VExplicitOC_RG,2022.2.5,Win32,30.00120005,,,,,,,,,,,,,,,frustrated,"frustrated, not frustrated","more frustrated, less frustrated",,,-100,3.496,2.001,,,,,,,,,,,,,,,,,,,,,,,,,,,0,2,2,1,1,,,,,,,,,,,,,,,,,,,,,,,,,,,,,,,,,,,,,,,,,,,,,,,,,,,,,,,,,,,,,,,,,,,
,,,,,,,,,,,60d0709ffc9b494cf65a266c,B7FA15BD-C10D-4585-91E8-B829C136E9F0,0,2023-08-25_16h11.22.118,Pilot_VExplicitOC_RG,2022.2.5,Win32,30.00120005,,,,,,,,,,,,,,,happy,"unhappy, happy","less happy, more happy",,,-100,4.961,2.0197,,,,,,,,,,,,,,,,,,,,,,,,,,,0,0,0,0,1,,,,,,,,,,,,,,,,,,,,,,,,,,,,,,,,,,,,,,,,,,,,,,,,,,,,,,,,,,,,,,,,,,,
,,,,,,,,,,,60d0709ffc9b494cf65a266c,B7FA15BD-C10D-4585-91E8-B829C136E9F0,0,2023-08-25_16h11.22.118,Pilot_VExplicitOC_RG,2022.2.5,Win32,30.00120005,,,,,,,,,,,,,,,bored,"bored, not bored","more bored, less bored",,,-100,3.0009,2.0168,,,,,,,,,,,,,,,,,,,,,,,,,,,0,1,1,2,1,,,,,,,,,,,,,,,,,,,,,,,,,,,,,,,,,,,,,,,,,,,,,,,,,,,,,,,,,,,,,,,,,,,
,,,,,,,,,,,60d0709ffc9b494cf65a266c,B7FA15BD-C10D-4585-91E8-B829C136E9F0,0,2023-08-25_16h11.22.118,Pilot_VExplicitOC_RG,2022.2.5,Win32,30.00120005,,,,,,,,,,,,,,,frustrated,"frustrated, not frustrated","more frustrated, less frustrated",,,-100,3.9568,2.001,,,,,,,,,,,,,,,,,,,,,,,,,,,0,2,2,1,1,,,,,,,,,,,,,,,,,,,,,,,,,,,,,,,,,,,,,,,,,,,,,,,,,,,,,,,,,,,,,,,,,,,
,,,,,,,,,,,60d0709ffc9b494cf65a266c,B7FA15BD-C10D-4585-91E8-B829C136E9F0,0,2023-08-25_16h11.22.118,Pilot_VExplicitOC_RG,2022.2.5,Win32,30.00120005,,,,,,,,,,,,,,,bored,"bored, not bored","more bored, less bored",,,,,2.0161,,,,,,,,,,,,,,,,,,,,,,,,,,,0,0,0,2,1,,,,,,,,,,,,,,,,,,,,,,,,,,,,,,,,,,,,,,,,,,,,,,,,,,,,,,,,,,,,,,,,,,,
,,,,,,,,,,,60d0709ffc9b494cf65a266c,B7FA15BD-C10D-4585-91E8-B829C136E9F0,0,2023-08-25_16h11.22.118,Pilot_VExplicitOC_RG,2022.2.5,Win32,30.00120005,,,,,,,,,,,,,,,happy,"unhappy, happy","less happy, more happy",,,-100,4.4608,2.0029,,,,,,,,,,,,,,,,,,,,,,,,,,,0,1,1,0,1,,,,,,,,,,,,,,,,,,,,,,,,,,,,,,,,,,,,,,,,,,,,,,,,,,,,,,,,,,,,,,,,,,,
,,,,,,,,,,,60d0709ffc9b494cf65a266c,B7FA15BD-C10D-4585-91E8-B829C136E9F0,0,2023-08-25_16h11.22.118,Pilot_VExplicitOC_RG,2022.2.5,Win32,30.00120005,,,,,,,,,,,,,,,frustrated,"frustrated, not frustrated","more frustrated, less frustrated",,,,,2.0061,,,,,,,,,,,,,,,,,,,,,,,,,,,0,2,2,1,1,,,,,,,,,,,,,,,,,,,,,,,,,,,,,,,,,,,,,,,,,,,,,,,,,,,,,,,,,,,,,,,,,,,
,,,,,,,,,,,60d0709ffc9b494cf65a266c,B7FA15BD-C10D-4585-91E8-B829C136E9F0,0,2023-08-25_16h11.22.118,Pilot_VExplicitOC_RG,2022.2.5,Win32,30.00120005,,,,,,,,,,,,,,,frustrated,"frustrated, not frustrated","more frustrated, less frustrated",,,-100,4.2347,2.0174,0,0,0,1,1,,,,,,,,,,,,,,,,,,,,,,,,,,,,,,,,,,,,,,,,,,,,,,,,,,,,,,,,,,,,,,,,,,,,,,,,,,,,,,,,,,,,,,,,,,,,,
,,,,,,,,,,,60d0709ffc9b494cf65a266c,B7FA15BD-C10D-4585-91E8-B829C136E9F0,0,2023-08-25_16h11.22.118,Pilot_VExplicitOC_RG,2022.2.5,Win32,30.00120005,,,,,,,,,,,,,,,happy,"unhappy, happy","less happy, more happy",,,-100,6.0579,2.0151,0,1,1,0,1,,,,,,,,,,,,,,,,,,,,,,,,,,,,,,,,,,,,,,,,,,,,,,,,,,,,,,,,,,,,,,,,,,,,,,,,,,,,,,,,,,,,,,,,,,,,,
,,,,,,,,,,,60d0709ffc9b494cf65a266c,B7FA15BD-C10D-4585-91E8-B829C136E9F0,0,2023-08-25_16h11.22.118,Pilot_VExplicitOC_RG,2022.2.5,Win32,30.00120005,,,,,,,,,,,,,,,bored,"bored, not bored","more bored, less bored",,,-100,4.5294,2.0056,0,2,2,2,1,,,,,,,,,,,,,,,,,,,,,,,,,,,,,,,,,,,,,,,,,,,,,,,,,,,,,,,,,,,,,,,,,,,,,,,,,,,,,,,,,,,,,,,,,,,,,
,,,,,,,,,,,60d0709ffc9b494cf65a266c,B7FA15BD-C10D-4585-91E8-B829C136E9F0,0,2023-08-25_16h11.22.118,Pilot_VExplicitOC_RG,2022.2.5,Win32,30.00120005,,,,,,,,,,,,,,,,,,,,,,,,,,,,,,,,,,,,,,,,,,,,,,,,,,,,,,space,5.2069,-100,2.9524,0,0,0,0,1,gambling game,011.png,,,,,,,,,,,,,,,,,,,,,,,,,,,,,,,,,,,,,,,,,,,,,,,,,,,,,,,,
,,,,,,,,,,,60d0709ffc9b494cf65a266c,B7FA15BD-C10D-4585-91E8-B829C136E9F0,0,2023-08-25_16h11.22.118,Pilot_VExplicitOC_RG,2022.2.5,Win32,30.00120005,,,,,,,,,,,,,,,,,,,,,,,,,,,,,,,,,,,,,,,,,,,,,,,,,,,,,,,,-100,0.8105,0,1,1,1,1,stand up,002.png,,,,,,,,,,,,,,,,,,,,,,,,,,,,,,,,,,,,,,,,,,,,,,,,,,,,,,,,
,,,,,,,,,,,60d0709ffc9b494cf65a266c,B7FA15BD-C10D-4585-91E8-B829C136E9F0,0,2023-08-25_16h11.22.118,Pilot_VExplicitOC_RG,2022.2.5,Win32,30.00120005,,,,,,,,,,,,,,,,,,,,,,,,,,,,,,,,,,,,,,,,,,,,,,,,,,,,,,,,-100,1.0625,0,2,2,2,1,stretch,003.png,,,,,,,,,,,,,,,,,,,,,,,,,,,,,,,,,,,,,,,,,,,,,,,,,,,,,,,,
,,,,,,,,,,,60d0709ffc9b494cf65a266c,B7FA15BD-C10D-4585-91E8-B829C136E9F0,0,2023-08-25_16h11.22.118,Pilot_VExplicitOC_RG,2022.2.5,Win32,30.00120005,,,,,,,,,,,,,,,,,,,,,,,,,,,,,,,,,,,,,,,,,,,,,,,,,,,,,,,,-100,1.018,0,3,3,3,1,make a drink,004.png,,,,,,,,,,,,,,,,,,,,,,,,,,,,,,,,,,,,,,,,,,,,,,,,,,,,,,,,
,,,,,,,,,,,60d0709ffc9b494cf65a266c,B7FA15BD-C10D-4585-91E8-B829C136E9F0,0,2023-08-25_16h11.22.118,Pilot_VExplicitOC_RG,2022.2.5,Win32,30.00120005,,,,,,,,,,,,,,,,,,,,,,,,,,,,,,,,,,,,,,,,,,,,,,,,,,,,,,,,-100,1.2626,0,4,4,4,1,scroll social media,005.png,,,,,,,,,,,,,,,,,,,,,,,,,,,,,,,,,,,,,,,,,,,,,,,,,,,,,,,,
,,,,,,,,,,,60d0709ffc9b494cf65a266c,B7FA15BD-C10D-4585-91E8-B829C136E9F0,0,2023-08-25_16h11.22.118,Pilot_VExplicitOC_RG,2022.2.5,Win32,30.00120005,,,,,,,,,,,,,,,,,,,,,,,,,,,,,,,,,,,,,,,,,,,,,,,,,,,,,,,,-100,1.0815,0,5,5,5,1,listen to music,006.png,,,,,,,,,,,,,,,,,,,,,,,,,,,,,,,,,,,,,,,,,,,,,,,,,,,,,,,,
,,,,,,,,,,,60d0709ffc9b494cf65a266c,B7FA15BD-C10D-4585-91E8-B829C136E9F0,0,2023-08-25_16h11.22.118,Pilot_VExplicitOC_RG,2022.2.5,Win32,30.00120005,,,,,,,,,,,,,,,,,,,,,,,,,,,,,,,,,,,,,,,,,,,,,,,,,,,,,,,,-100,1.1085,0,6,6,6,1,daydream,007.png,,,,,,,,,,,,,,,,,,,,,,,,,,,,,,,,,,,,,,,,,,,,,,,,,,,,,,,,
,,,,,,,,,,,60d0709ffc9b494cf65a266c,B7FA15BD-C10D-4585-91E8-B829C136E9F0,0,2023-08-25_16h11.22.118,Pilot_VExplicitOC_RG,2022.2.5,Win32,30.00120005,,,,,,,,,,,,,,,,,,,,,,,,,,,,,,,,,,,,,,,,,,,,,,,,,,,,,,,,-100,0.9551,0,7,7,7,1,watch a short animation,008.png,,,,,,,,,,,,,,,,,,,,,,,,,,,,,,,,,,,,,,,,,,,,,,,,,,,,,,,,
,,,,,,,,,,,60d0709ffc9b494cf65a266c,B7FA15BD-C10D-4585-91E8-B829C136E9F0,0,2023-08-25_16h11.22.118,Pilot_VExplicitOC_RG,2022.2.5,Win32,30.00120005,,,,,,,,,,,,,,,,,,,,,,,,,,,,,,,,,,,,,,,,,,,,,,,,,,,,,,,,-100,0.8905,0,8,8,8,1,read a novel,009.png,,,,,,,,,,,,,,,,,,,,,,,,,,,,,,,,,,,,,,,,,,,,,,,,,,,,,,,,
,,,,,,,,,,,60d0709ffc9b494cf65a266c,B7FA15BD-C10D-4585-91E8-B829C136E9F0,0,2023-08-25_16h11.22.118,Pilot_VExplicitOC_RG,2022.2.5,Win32,30.00120005,,,,,,,,,,,,,,,,,,,,,,,,,,,,,,,,,,,,,,,,,,,,,,,,,,,,,,,,-100,0.96,0,9,9,9,1,read the news,010.png,,,,,,,,,,,,,,,,,,,,,,,,,,,,,,,,,,,,,,,,,,,,,,,,,,,,,,,,
,,,,,,,,,,,60d0709ffc9b494cf65a266c,B7FA15BD-C10D-4585-91E8-B829C136E9F0,0,2023-08-25_16h11.22.118,Pilot_VExplicitOC_RG,2022.2.5,Win32,30.00120005,,,,,,,,,,,,,,,,,,,,,,,,,,,,,,,,,,,,,,,,,,,,,,,,,,,,,,,,-100,1.295,0,10,10,10,1,rest (looking at a fixed cross),001.png,,,,,,,,,,,,,,,,,,,,,,,,,,,,,,,,,,,,,,,,,,,,,,,,,,,,,,,,
,,,,,,,,,,,60d0709ffc9b494cf65a266c,B7FA15BD-C10D-4585-91E8-B829C136E9F0,0,2023-08-25_16h11.22.118,Pilot_VExplicitOC_RG,2022.2.5,Win32,30.00120005,,,,,,,,,,,,,,,bored,"bored, not bored","more bored, less bored",,,-100,4.6132,2.0055,,,,,,,,,,,,,,,,,,,,,,,,,,,,,,,,,,,,,,,,,,,stand up,0,0,0,2,1,,,,,,,,,,,,,,,,,,,,,,,,,,,,,,,,,,,,,,,,,,,,,,,,,,
,,,,,,,,,,,60d0709ffc9b494cf65a266c,B7FA15BD-C10D-4585-91E8-B829C136E9F0,0,2023-08-25_16h11.22.118,Pilot_VExplicitOC_RG,2022.2.5,Win32,30.00120005,,,,,,,,,,,,,,,happy,"unhappy, happy","less happy, more happy",,,-58.88888889,3.28,2.0123,,,,,,,,,,,,,,,,,,,,,,,,,,,,,,,,,,,,,,,,,,,,0,1,1,0,1,,,,,,,,,,,,,,,,,,,,,,,,,,,,,,,,,,,,,,,,,,,,,,,,,,
,,,,,,,,,,,60d0709ffc9b494cf65a266c,B7FA15BD-C10D-4585-91E8-B829C136E9F0,0,2023-08-25_16h11.22.118,Pilot_VExplicitOC_RG,2022.2.5,Win32,30.00120005,,,,,,,,,,,,,,,frustrated,"frustrated, not frustrated","more frustrated, less frustrated",,,-100,3.1675,2.018,,,,,,,,,,,,,,,,,,,,,,,,,,,,,,,,,,,,,,,,,,,,0,2,2,1,1,,,,,,,,,,,,,,,,,,,,,,,,,,,,,,,,,,,,,,,,,,,,,,,,,,
,,,,,,,,,,,60d0709ffc9b494cf65a266c,B7FA15BD-C10D-4585-91E8-B829C136E9F0,0,2023-08-25_16h11.22.118,Pilot_VExplicitOC_RG,2022.2.5,Win32,30.00120005,,,,,,,,,,,,,,,,,,,,,,,,,,,,,,,,,,,,,,,,,,,,,,,,,,,,,,,,,,,,,,,,,,,,,,,space,4.9412,0,0,0,0,1,7,black.png,"In the next part of the task, you will play a gambling game where you can win money by earning points according to your choices. You will decide whether to gamble a number of points or stick with a guaranteed number of points. 
Make your choice by pressing the left or right arrow key once. An example of one trial is shown on the next screen.",,,,,,,,,,,,,,,,,,,,,,,,,,,,,,,,,,,,,,,,
,,,,,,,,,,,60d0709ffc9b494cf65a266c,B7FA15BD-C10D-4585-91E8-B829C136E9F0,0,2023-08-25_16h11.22.118,Pilot_VExplicitOC_RG,2022.2.5,Win32,30.00120005,,,,,,,,,,,,,,,,,,,,,,,,,,,,,,,,,,,,,,,,,,,,,,,,,,,,,,,,,,,,,,,,,,,,,,,space,6.2472,0,1,1,1,1,8,example_start.png,"The GAMBLING OPTION will be shown on the RIGHT SIDE. 
Select this option using the RIGHT ARROW KEY on your keyboard.",,,,,,,,,,,,,,,,,,,,,,,,,,,,,,,,,,,,,,,,
,,,,,,,,,,,60d0709ffc9b494cf65a266c,B7FA15BD-C10D-4585-91E8-B829C136E9F0,0,2023-08-25_16h11.22.118,Pilot_VExplicitOC_RG,2022.2.5,Win32,30.00120005,,,,,,,,,,,,,,,,,,,,,,,,,,,,,,,,,,,,,,,,,,,,,,,,,,,,,,,,,,,,,,,,,,,,,,,space,2.0511,0,2,2,2,1,9,example_gamble.png,"Once you select the gambling choice, the choice you made will remain on the screen.",,,,,,,,,,,,,,,,,,,,,,,,,,,,,,,,,,,,,,,,
,,,,,,,,,,,60d0709ffc9b494cf65a266c,B7FA15BD-C10D-4585-91E8-B829C136E9F0,0,2023-08-25_16h11.22.118,Pilot_VExplicitOC_RG,2022.2.5,Win32,30.00120005,,,,,,,,,,,,,,,,,,,,,,,,,,,,,,,,,,,,,,,,,,,,,,,,,,,,,,,,,,,,,,,,,,,,,,,space,1.6038,0,3,3,3,1,10,example_win.png,"The outcome you received will then be shown on the screen. In this example , you WON 10 points.",,,,,,,,,,,,,,,,,,,,,,,,,,,,,,,,,,,,,,,,
,,,,,,,,,,,60d0709ffc9b494cf65a266c,B7FA15BD-C10D-4585-91E8-B829C136E9F0,0,2023-08-25_16h11.22.118,Pilot_VExplicitOC_RG,2022.2.5,Win32,30.00120005,,,,,,,,,,,,,,,,,,,,,,,,,,,,,,,,,,,,,,,,,,,,,,,,,,,,,,,,,,,,,,,,,,,,,,,space,1.052,0,4,4,4,1,11,example_start.png,"The GUARANTEED OPTION will be shown on the LEFT SIDE. You are 100% guaranteed to gain or lose this amount. In this example, you have a 100% chance of winning 1 point. Select this option using the LEFT ARROW KEY on your keyboard.",,,,,,,,,,,,,,,,,,,,,,,,,,,,,,,,,,,,,,,,
,,,,,,,,,,,60d0709ffc9b494cf65a266c,B7FA15BD-C10D-4585-91E8-B829C136E9F0,0,2023-08-25_16h11.22.118,Pilot_VExplicitOC_RG,2022.2.5,Win32,30.00120005,,,,,,,,,,,,,,,,,,,,,,,,,,,,,,,,,,,,,,,,,,,,,,,,,,,,,,,,,,,,,,,,,,,,,,,space,5.1504,0,5,5,5,1,12,example_certain.png,"Once you select the guaranteed choice, your selection will remain on the screen.",,,,,,,,,,,,,,,,,,,,,,,,,,,,,,,,,,,,,,,,
,,,,,,,,,,,60d0709ffc9b494cf65a266c,B7FA15BD-C10D-4585-91E8-B829C136E9F0,0,2023-08-25_16h11.22.118,Pilot_VExplicitOC_RG,2022.2.5,Win32,30.00120005,,,,,,,,,,,,,,,,,,,,,,,,,,,,,,,,,,,,,,,,,,,,,,,,,,,,,,,,,,,,,,,,,,,,,,,space,1.0467,0,6,6,6,1,13,black.png,Please make your choices as fast as possible.,,,,,,,,,,,,,,,,,,,,,,,,,,,,,,,,,,,,,,,,
,,,,,,,,,,,60d0709ffc9b494cf65a266c,B7FA15BD-C10D-4585-91E8-B829C136E9F0,0,2023-08-25_16h11.22.118,Pilot_VExplicitOC_RG,2022.2.5,Win32,30.00120005,,,,,,,,,,,,,,,,,,,,,,,,,,,,,,,,,,,,,,,,,,,,,,,,,,,,,,,,,,,,,,,,,,,,,,,space,0.4084,0,7,7,7,1,14,black.png,"You will again be asked to rate your mood *at that moment* once in a while. 
Use your mouse to move the slider dot to the position that represents how you are feeling.
Let's play!",,,,,,,,,,,,,,,,,,,,,,,,,,,,,,,,,,,,,,,,
,,,,,,,,,,,60d0709ffc9b494cf65a266c,B7FA15BD-C10D-4585-91E8-B829C136E9F0,0,2023-08-25_16h11.22.118,Pilot_VExplicitOC_RG,2022.2.5,Win32,30.00120005,,,,,,,,,,,,,,,,,,,,,,,,,,,,,,,,,,,,,,,,,,,,,,,,,,,,,,,,,,,,,,,,,,,,,,,,,,,,,,,,,0,0,0,0,1,,,,,,,,,,,,,,,,,,,,,,,,,,,,,,,,,,,
,,,,,,,,,,,60d0709ffc9b494cf65a266c,B7FA15BD-C10D-4585-91E8-B829C136E9F0,0,2023-08-25_16h11.22.118,Pilot_VExplicitOC_RG,2022.2.5,Win32,30.00120005,,,,,,,,,,,,,,,bored,"bored, not bored","more bored, less bored",,,-100,3.0655,2.0081,,,,,,,,,,,,,,,,,,,,,,,,,,,,,,,,,,,,,,,,,,,,,,,,,,,,,,,,,,,,,,,,random,FALSE,FALSE,FALSE,0.5,0,0,4.762865305,5.562865305,0.8,2.387621768,gamble,win,5.562865305,5.562865305,right,1.8109,0,0,0,2,1,,,,,,,,,,,,,
,,,,,,,,,,,60d0709ffc9b494cf65a266c,B7FA15BD-C10D-4585-91E8-B829C136E9F0,0,2023-08-25_16h11.22.118,Pilot_VExplicitOC_RG,2022.2.5,Win32,30.00120005,,,,,,,,,,,,,,,frustrated,"frustrated, not frustrated","more frustrated, less frustrated",,,-100,3.8367,2.0114,,,,,,,,,,,,,,,,,,,,,,,,,,,,,,,,,,,,,,,,,,,,,,,,,,,,,,,,,,,,,,,,,,,,,,,,,,,,,,,,,0,1,1,1,1,,,,,,,,,,,,,
,,,,,,,,,,,60d0709ffc9b494cf65a266c,B7FA15BD-C10D-4585-91E8-B829C136E9F0,0,2023-08-25_16h11.22.118,Pilot_VExplicitOC_RG,2022.2.5,Win32,30.00120005,,,,,,,,,,,,,,,happy,"unhappy, happy","less happy, more happy",,,-35.55555556,4.3416,2.0132,,,,,,,,,,,,,,,,,,,,,,,,,,,,,,,,,,,,,,,,,,,,,,,,,,,,,,,,,,,,,,,,,,,,,,,,,,,,,,,,,0,2,2,0,1,,,,,,,,,,,,,
,,,,,,,,,,,60d0709ffc9b494cf65a266c,B7FA15BD-C10D-4585-91E8-B829C136E9F0,0,2023-08-25_16h11.22.118,Pilot_VExplicitOC_RG,2022.2.5,Win32,30.00120005,,,,,,,,,,,,,,,,,,,,,,,,,,,,,,,,,,,,,,,,,,,,,,,,,,,,,,,,,,,,,,,,,,,,,,,,,,,,,,,,,,,,,,,,,,,,,,,,,,,,,,,,,,,,0,0,0,3,1,0.8,,,,,,,
,,,,,,,,,,,60d0709ffc9b494cf65a266c,B7FA15BD-C10D-4585-91E8-B829C136E9F0,0,2023-08-25_16h11.22.118,Pilot_VExplicitOC_RG,2022.2.5,Win32,30.00120005,,,,,,,,,,,,,,,,,,,,,,,,,,,,,,,,,,,,,,,,,,,,,,,,,,,,,,,,,,,,,,,,,,,,,,,,,,,,,,,,,,,,,,random,FALSE,FALSE,FALSE,0.5,0,0,0.483863038,0.383863038,-0.1,0.061287679,certain,certain,0.061287679,5.624152984,left,1.3211,,,,,,0,1,1,29,1,-0.1,,,,,,,
,,,,,,,,,,,60d0709ffc9b494cf65a266c,B7FA15BD-C10D-4585-91E8-B829C136E9F0,0,2023-08-25_16h11.22.118,Pilot_VExplicitOC_RG,2022.2.5,Win32,30.00120005,,,,,,,,,,,,,,,frustrated,"frustrated, not frustrated","more frustrated, less frustrated",,,,,2.0099,,,,,,,,,,,,,,,,,,,,,,,,,,,,,,,,,,,,,,,,,,,,,,,,,,,,,,,,,,,,,,,,random,FALSE,FALSE,FALSE,0.5,0,0,-4.0056934,-0.3,-4.3056934,-2.970462267,gamble,lose,-4.3056934,1.318459584,,,0,0,0,1,1,,,,,,,,,,,,,
,,,,,,,,,,,60d0709ffc9b494cf65a266c,B7FA15BD-C10D-4585-91E8-B829C136E9F0,0,2023-08-25_16h11.22.118,Pilot_VExplicitOC_RG,2022.2.5,Win32,30.00120005,,,,,,,,,,,,,,,bored,"bored, not bored","more bored, less bored",,,,,2.0137,,,,,,,,,,,,,,,,,,,,,,,,,,,,,,,,,,,,,,,,,,,,,,,,,,,,,,,,,,,,,,,,,,,,,,,,,,,,,,,,,0,1,1,2,1,,,,,,,,,,,,,
,,,,,,,,,,,60d0709ffc9b494cf65a266c,B7FA15BD-C10D-4585-91E8-B829C136E9F0,0,2023-08-25_16h11.22.118,Pilot_VExplicitOC_RG,2022.2.5,Win32,30.00120005,,,,,,,,,,,,,,,happy,"unhappy, happy","less happy, more happy",,,-100,3.565,2.0127,,,,,,,,,,,,,,,,,,,,,,,,,,,,,,,,,,,,,,,,,,,,,,,,,,,,,,,,,,,,,,,,,,,,,,,,,,,,,,,,,0,2,2,0,1,,,,,,,,,,,,,
,,,,,,,,,,,60d0709ffc9b494cf65a266c,B7FA15BD-C10D-4585-91E8-B829C136E9F0,0,2023-08-25_16h11.22.118,Pilot_VExplicitOC_RG,2022.2.5,Win32,30.00120005,,,,,,,,,,,,,,,,,,,,,,,,,,,,,,,,,,,,,,,,,,,,,,,,,,,,,,,,,,,,,,,,,,,,,,,,,,,,,,,,,,,,,,,,,,,,,,,,,,,,,,,,,,,,0,2,2,5,1,-0.3,,,,,,,
,,,,,,,,,,,60d0709ffc9b494cf65a266c,B7FA15BD-C10D-4585-91E8-B829C136E9F0,0,2023-08-25_16h11.22.118,Pilot_VExplicitOC_RG,2022.2.5,Win32,30.00120005,,,,,,,,,,,,,,,,,,,,,,,,,,,,,,,,,,,,,,,,,,,,,,,,,,,,,,,,,,,,,,,,,,,,,,,,,,,,,,,,,,,,,,random,FALSE,FALSE,FALSE,0.5,0,0,-3.531518866,0.5,-3.031518866,-1.854345911,gamble,lose,-3.031518866,-1.713059282,,,,,,,,0,3,3,1,1,0.5,,,,,,,
,,,,,,,,,,,60d0709ffc9b494cf65a266c,B7FA15BD-C10D-4585-91E8-B829C136E9F0,0,2023-08-25_16h11.22.118,Pilot_VExplicitOC_RG,2022.2.5,Win32,30.00120005,,,,,,,,,,,,,,,happy,"unhappy, happy","less happy, more happy",,,-52.22222222,7.1679,2.0073,,,,,,,,,,,,,,,,,,,,,,,,,,,,,,,,,,,,,,,,,,,,,,,,,,,,,,,,,,,,,,,,random,FALSE,FALSE,TRUE,0.5,0,0,-2.641716004,2,-0.641716004,0.238855997,gamble,lose,-0.641716004,-2.354775286,,,0,0,0,0,1,,,,,,,,,,,,,
,,,,,,,,,,,60d0709ffc9b494cf65a266c,B7FA15BD-C10D-4585-91E8-B829C136E9F0,0,2023-08-25_16h11.22.118,Pilot_VExplicitOC_RG,2022.2.5,Win32,30.00120005,,,,,,,,,,,,,,,frustrated,"frustrated, not frustrated","more frustrated, less frustrated",,,,,2.0053,,,,,,,,,,,,,,,,,,,,,,,,,,,,,,,,,,,,,,,,,,,,,,,,,,,,,,,,,,,,,,,,,,,,,,,,,,,,,,,,,0,1,1,1,1,,,,,,,,,,,,,
,,,,,,,,,,,60d0709ffc9b494cf65a266c,B7FA15BD-C10D-4585-91E8-B829C136E9F0,0,2023-08-25_16h11.22.118,Pilot_VExplicitOC_RG,2022.2.5,Win32,30.00120005,,,,,,,,,,,,,,,bored,"bored, not bored","more bored, less bored",,,,,2.0071,,,,,,,,,,,,,,,,,,,,,,,,,,,,,,,,,,,,,,,,,,,,,,,,,,,,,,,,,,,,,,,,,,,,,,,,,,,,,,,,,0,2,2,2,1,,,,,,,,,,,,,
,,,,,,,,,,,60d0709ffc9b494cf65a266c,B7FA15BD-C10D-4585-91E8-B829C136E9F0,0,2023-08-25_16h11.22.118,Pilot_VExplicitOC_RG,2022.2.5,Win32,30.00120005,,,,,,,,,,,,,,,,,,,,,,,,,,,,,,,,,,,,,,,,,,,,,,,,,,,,,,,,,,,,,,,,,,,,,,,,,,,,,,,,,,,,,,,,,,,,,,,,,,,,,,,,,,,,0,4,4,30,1,2,,,,,,,
,,,,,,,,,,,60d0709ffc9b494cf65a266c,B7FA15BD-C10D-4585-91E8-B829C136E9F0,0,2023-08-25_16h11.22.118,Pilot_VExplicitOC_RG,2022.2.5,Win32,30.00120005,,,,,,,,,,,,,,,,,,,,,,,,,,,,,,,,,,,,,,,,,,,,,,,,,,,,,,,,,,,,,,,,,,,,,,,,,,,,,,,,,,,,,,random,FALSE,FALSE,TRUE,0.5,0,0,0.055827486,0.455827486,0.4,0.418609162,gamble,win,0.455827486,-1.8989478,right,2.5196,,,,,,0,5,5,6,1,0.4,,,,,,,
,,,,,,,,,,,60d0709ffc9b494cf65a266c,B7FA15BD-C10D-4585-91E8-B829C136E9F0,0,2023-08-25_16h11.22.118,Pilot_VExplicitOC_RG,2022.2.5,Win32,30.00120005,,,,,,,,,,,,,,,,,,,,,,,,,,,,,,,,,,,,,,,,,,,,,,,,,,,,,,,,,,,,,,,,,,,,,,,,,,,,,,,,,,,,,,random,FALSE,FALSE,FALSE,0.5,0,0,-4.048916041,0.3,-3.748916041,-2.399277361,gamble,lose,-3.748916041,-5.647863841,,,,,,,,0,6,6,4,1,0.3,,,,,,,
,,,,,,,,,,,60d0709ffc9b494cf65a266c,B7FA15BD-C10D-4585-91E8-B829C136E9F0,0,2023-08-25_16h11.22.118,Pilot_VExplicitOC_RG,2022.2.5,Win32,30.00120005,,,,,,,,,,,,,,,frustrated,"frustrated, not frustrated","more frustrated, less frustrated",,,-90.74074074,3.9147,2.0049,,,,,,,,,,,,,,,,,,,,,,,,,,,,,,,,,,,,,,,,,,,,,,,,,,,,,,,,,,,,,,,,random,FALSE,FALSE,FALSE,0.5,0,0,1.789899148,1.089899148,-0.7,-0.103366951,gamble,win,1.089899148,-4.557964693,right,2.1886,0,0,0,1,1,,,,,,,,,,,,,
,,,,,,,,,,,60d0709ffc9b494cf65a266c,B7FA15BD-C10D-4585-91E8-B829C136E9F0,0,2023-08-25_16h11.22.118,Pilot_VExplicitOC_RG,2022.2.5,Win32,30.00120005,,,,,,,,,,,,,,,bored,"bored, not bored","more bored, less bored",,,-60.37037037,3.0405,2.0022,,,,,,,,,,,,,,,,,,,,,,,,,,,,,,,,,,,,,,,,,,,,,,,,,,,,,,,,,,,,,,,,,,,,,,,,,,,,,,,,,0,1,1,2,1,,,,,,,,,,,,,
,,,,,,,,,,,60d0709ffc9b494cf65a266c,B7FA15BD-C10D-4585-91E8-B829C136E9F0,0,2023-08-25_16h11.22.118,Pilot_VExplicitOC_RG,2022.2.5,Win32,30.00120005,,,,,,,,,,,,,,,happy,"unhappy, happy","less happy, more happy",,,-91.85185185,3.1934,2.0146,,,,,,,,,,,,,,,,,,,,,,,,,,,,,,,,,,,,,,,,,,,,,,,,,,,,,,,,,,,,,,,,,,,,,,,,,,,,,,,,,0,2,2,0,1,,,,,,,,,,,,,
,,,,,,,,,,,60d0709ffc9b494cf65a266c,B7FA15BD-C10D-4585-91E8-B829C136E9F0,0,2023-08-25_16h11.22.118,Pilot_VExplicitOC_RG,2022.2.5,Win32,30.00120005,,,,,,,,,,,,,,,,,,,,,,,,,,,,,,,,,,,,,,,,,,,,,,,,,,,,,,,,,,,,,,,,,,,,,,,,,,,,,,,,,,,,,,,,,,,,,,,,,,,,,,,,,,,,0,7,7,20,1,-0.7,,,,,,,
,,,,,,,,,,,60d0709ffc9b494cf65a266c,B7FA15BD-C10D-4585-91E8-B829C136E9F0,0,2023-08-25_16h11.22.118,Pilot_VExplicitOC_RG,2022.2.5,Win32,30.00120005,,,,,,,,,,,,,,,,,,,,,,,,,,,,,,,,,,,,,,,,,,,,,,,,,,,,,,,,,,,,,,,,,,,,,,,,,,,,,,,,,,,,,,random,FALSE,FALSE,TRUE,0.5,0,0,3.485977031,0.685977031,-2.8,-1.638007656,gamble,win,0.685977031,-3.871987661,,,,,,,,0,8,8,31,1,-2.8,,,,,,,
,,,,,,,,,,,60d0709ffc9b494cf65a266c,B7FA15BD-C10D-4585-91E8-B829C136E9F0,0,2023-08-25_16h11.22.118,Pilot_VExplicitOC_RG,2022.2.5,Win32,30.00120005,,,,,,,,,,,,,,,bored,"bored, not bored","more bored, less bored",,,-47.77777778,5.156,2.0084,,,,,,,,,,,,,,,,,,,,,,,,,,,,,,,,,,,,,,,,,,,,,,,,,,,,,,,,,,,,,,,,random,FALSE,FALSE,TRUE,0.5,0,0,4.619701181,1.919701181,-2.7,-1.160099606,gamble,win,1.919701181,-1.95228648,right,1.8688,0,0,0,2,1,,,,,,,,,,,,,
,,,,,,,,,,,60d0709ffc9b494cf65a266c,B7FA15BD-C10D-4585-91E8-B829C136E9F0,0,2023-08-25_16h11.22.118,Pilot_VExplicitOC_RG,2022.2.5,Win32,30.00120005,,,,,,,,,,,,,,,happy,"unhappy, happy","less happy, more happy",,,,,2.0085,,,,,,,,,,,,,,,,,,,,,,,,,,,,,,,,,,,,,,,,,,,,,,,,,,,,,,,,,,,,,,,,,,,,,,,,,,,,,,,,,0,1,1,0,1,,,,,,,,,,,,,
,,,,,,,,,,,60d0709ffc9b494cf65a266c,B7FA15BD-C10D-4585-91E8-B829C136E9F0,0,2023-08-25_16h11.22.118,Pilot_VExplicitOC_RG,2022.2.5,Win32,30.00120005,,,,,,,,,,,,,,,frustrated,"frustrated, not frustrated","more frustrated, less frustrated",,,,,2.0067,,,,,,,,,,,,,,,,,,,,,,,,,,,,,,,,,,,,,,,,,,,,,,,,,,,,,,,,,,,,,,,,,,,,,,,,,,,,,,,,,0,2,2,1,1,,,,,,,,,,,,,
,,,,,,,,,,,60d0709ffc9b494cf65a266c,B7FA15BD-C10D-4585-91E8-B829C136E9F0,0,2023-08-25_16h11.22.118,Pilot_VExplicitOC_RG,2022.2.5,Win32,30.00120005,,,,,,,,,,,,,,,,,,,,,,,,,,,,,,,,,,,,,,,,,,,,,,,,,,,,,,,,,,,,,,,,,,,,,,,,,,,,,,,,,,,,,,,,,,,,,,,,,,,,,,,,,,,,0,9,9,28,1,-2.7,,,,,,,
,,,,,,,,,,,60d0709ffc9b494cf65a266c,B7FA15BD-C10D-4585-91E8-B829C136E9F0,0,2023-08-25_16h11.22.118,Pilot_VExplicitOC_RG,2022.2.5,Win32,30.00120005,,,,,,,,,,,,,,,,,,,,,,,,,,,,,,,,,,,,,,,,,,,,,,,,,,,,,,,,,,,,,,,,,,,,,,,,,,,,,,,,,,,,,,random,FALSE,FALSE,TRUE,0.5,0,0,-2.626950294,-3,-5.626950294,-4.751300196,gamble,lose,-5.626950294,-7.579236775,,,,,,,,0,10,10,24,1,-3,,,,,,,
,,,,,,,,,,,60d0709ffc9b494cf65a266c,B7FA15BD-C10D-4585-91E8-B829C136E9F0,0,2023-08-25_16h11.22.118,Pilot_VExplicitOC_RG,2022.2.5,Win32,30.00120005,,,,,,,,,,,,,,,happy,"unhappy, happy","less happy, more happy",,,-100,6.5683,2.0198,,,,,,,,,,,,,,,,,,,,,,,,,,,,,,,,,,,,,,,,,,,,,,,,,,,,,,,,,,,,,,,,random,FALSE,FALSE,TRUE,0.5,0,0,-2.400608957,-1.7,-4.100608957,-3.300405971,gamble,lose,-4.100608957,-11.67984573,,,0,0,0,0,1,,,,,,,,,,,,,
,,,,,,,,,,,60d0709ffc9b494cf65a266c,B7FA15BD-C10D-4585-91E8-B829C136E9F0,0,2023-08-25_16h11.22.118,Pilot_VExplicitOC_RG,2022.2.5,Win32,30.00120005,,,,,,,,,,,,,,,bored,"bored, not bored","more bored, less bored",,,-86.66666667,5.7027,2.0046,,,,,,,,,,,,,,,,,,,,,,,,,,,,,,,,,,,,,,,,,,,,,,,,,,,,,,,,,,,,,,,,,,,,,,,,,,,,,,,,,0,1,1,2,1,,,,,,,,,,,,,
,,,,,,,,,,,60d0709ffc9b494cf65a266c,B7FA15BD-C10D-4585-91E8-B829C136E9F0,0,2023-08-25_16h11.22.118,Pilot_VExplicitOC_RG,2022.2.5,Win32,30.00120005,,,,,,,,,,,,,,,frustrated,"frustrated, not frustrated","more frustrated, less frustrated",,,,,2.0137,,,,,,,,,,,,,,,,,,,,,,,,,,,,,,,,,,,,,,,,,,,,,,,,,,,,,,,,,,,,,,,,,,,,,,,,,,,,,,,,,0,2,2,1,1,,,,,,,,,,,,,
,,,,,,,,,,,60d0709ffc9b494cf65a266c,B7FA15BD-C10D-4585-91E8-B829C136E9F0,0,2023-08-25_16h11.22.118,Pilot_VExplicitOC_RG,2022.2.5,Win32,30.00120005,,,,,,,,,,,,,,,,,,,,,,,,,,,,,,,,,,,,,,,,,,,,,,,,,,,,,,,,,,,,,,,,,,,,,,,,,,,,,,,,,,,,,,,,,,,,,,,,,,,,,,,,,,,,0,11,11,7,1,-1.7,,,,,,,
,,,,,,,,,,,60d0709ffc9b494cf65a266c,B7FA15BD-C10D-4585-91E8-B829C136E9F0,0,2023-08-25_16h11.22.118,Pilot_VExplicitOC_RG,2022.2.5,Win32,30.00120005,,,,,,,,,,,,,,,,,,,,,,,,,,,,,,,,,,,,,,,,,,,,,,,,,,,,,,,,,,,,,,,,,,,,,,,,,,,,,,,,,,,,,,random,FALSE,FALSE,TRUE,0.5,0,0,2.864152221,-0.335847779,-3.2,-2.245282593,gamble,win,-0.335847779,-12.01569351,,,,,,,,0,12,12,10,1,-3.2,,,,,,,
,,,,,,,,,,,60d0709ffc9b494cf65a266c,B7FA15BD-C10D-4585-91E8-B829C136E9F0,0,2023-08-25_16h11.22.118,Pilot_VExplicitOC_RG,2022.2.5,Win32,30.00120005,,,,,,,,,,,,,,,,,,,,,,,,,,,,,,,,,,,,,,,,,,,,,,,,,,,,,,,,,,,,,,,,,,,,,,,,,,,,,,,,,,,,,,random,FALSE,FALSE,TRUE,0.5,0,0,-3.547425631,3.6,0.052574369,1.235049579,gamble,lose,0.052574369,-11.96311914,,,,,,,,0,13,13,9,1,3.6,,,,,,,
,,,,,,,,,,,60d0709ffc9b494cf65a266c,B7FA15BD-C10D-4585-91E8-B829C136E9F0,0,2023-08-25_16h11.22.118,Pilot_VExplicitOC_RG,2022.2.5,Win32,30.00120005,,,,,,,,,,,,,,,bored,"bored, not bored","more bored, less bored",,,,,2.0101,,,,,,,,,,,,,,,,,,,,,,,,,,,,,,,,,,,,,,,,,,,,,,,,,,,,,,,,,,,,,,,,random,FALSE,FALSE,FALSE,0.5,0,0,0.093293747,-3.406706253,-3.5,-3.468902084,gamble,win,-3.406706253,-15.36982539,,,0,0,0,2,1,,,,,,,,,,,,,
,,,,,,,,,,,60d0709ffc9b494cf65a266c,B7FA15BD-C10D-4585-91E8-B829C136E9F0,0,2023-08-25_16h11.22.118,Pilot_VExplicitOC_RG,2022.2.5,Win32,30.00120005,,,,,,,,,,,,,,,frustrated,"frustrated, not frustrated","more frustrated, less frustrated",,,,,2.015,,,,,,,,,,,,,,,,,,,,,,,,,,,,,,,,,,,,,,,,,,,,,,,,,,,,,,,,,,,,,,,,,,,,,,,,,,,,,,,,,0,1,1,1,1,,,,,,,,,,,,,
,,,,,,,,,,,60d0709ffc9b494cf65a266c,B7FA15BD-C10D-4585-91E8-B829C136E9F0,0,2023-08-25_16h11.22.118,Pilot_VExplicitOC_RG,2022.2.5,Win32,30.00120005,,,,,,,,,,,,,,,happy,"unhappy, happy","less happy, more happy",,,,,2.0156,,,,,,,,,,,,,,,,,,,,,,,,,,,,,,,,,,,,,,,,,,,,,,,,,,,,,,,,,,,,,,,,,,,,,,,,,,,,,,,,,0,2,2,0,1,,,,,,,,,,,,,
,,,,,,,,,,,60d0709ffc9b494cf65a266c,B7FA15BD-C10D-4585-91E8-B829C136E9F0,0,2023-08-25_16h11.22.118,Pilot_VExplicitOC_RG,2022.2.5,Win32,30.00120005,,,,,,,,,,,,,,,,,,,,,,,,,,,,,,,,,,,,,,,,,,,,,,,,,,,,,,,,,,,,,,,,,,,,,,,,,,,,,,,,,,,,,,,,,,,,,,,,,,,,,,,,,,,,0,14,14,8,1,-3.5,,,,,,,
,,,,,,,,,,,60d0709ffc9b494cf65a266c,B7FA15BD-C10D-4585-91E8-B829C136E9F0,0,2023-08-25_16h11.22.118,Pilot_VExplicitOC_RG,2022.2.5,Win32,30.00120005,,,,,,,,,,,,,,,,,,,,,,,,,,,,,,,,,,,,,,,,,,,,,,,,,,,,,,,,,,,,,,,,,,,,,,,,,,,,,,,,,,,,,,random,FALSE,FALSE,FALSE,0.5,0,0,4.354810584,0.354810584,-4,-2.548396472,gamble,win,0.354810584,-15.01501481,,,,,,,,0,15,15,18,1,-4,,,,,,,
,,,,,,,,,,,60d0709ffc9b494cf65a266c,B7FA15BD-C10D-4585-91E8-B829C136E9F0,0,2023-08-25_16h11.22.118,Pilot_VExplicitOC_RG,2022.2.5,Win32,30.00120005,,,,,,,,,,,,,,,happy,"unhappy, happy","less happy, more happy",,,,,2.0114,,,,,,,,,,,,,,,,,,,,,,,,,,,,,,,,,,,,,,,,,,,,,,,,,,,,,,,,,,,,,,,,random,FALSE,FALSE,TRUE,0.5,0,0,-4.917786167,-1.2,-6.117786167,-4.478524112,gamble,lose,-6.117786167,-21.13280098,,,0,0,0,0,1,,,,,,,,,,,,,
,,,,,,,,,,,60d0709ffc9b494cf65a266c,B7FA15BD-C10D-4585-91E8-B829C136E9F0,0,2023-08-25_16h11.22.118,Pilot_VExplicitOC_RG,2022.2.5,Win32,30.00120005,,,,,,,,,,,,,,,frustrated,"frustrated, not frustrated","more frustrated, less frustrated",,,,,2.0171,,,,,,,,,,,,,,,,,,,,,,,,,,,,,,,,,,,,,,,,,,,,,,,,,,,,,,,,,,,,,,,,,,,,,,,,,,,,,,,,,0,1,1,1,1,,,,,,,,,,,,,
,,,,,,,,,,,60d0709ffc9b494cf65a266c,B7FA15BD-C10D-4585-91E8-B829C136E9F0,0,2023-08-25_16h11.22.118,Pilot_VExplicitOC_RG,2022.2.5,Win32,30.00120005,,,,,,,,,,,,,,,bored,"bored, not bored","more bored, less bored",,,,,2.016,,,,,,,,,,,,,,,,,,,,,,,,,,,,,,,,,,,,,,,,,,,,,,,,,,,,,,,,,,,,,,,,,,,,,,,,,,,,,,,,,0,2,2,2,1,,,,,,,,,,,,,
,,,,,,,,,,,60d0709ffc9b494cf65a266c,B7FA15BD-C10D-4585-91E8-B829C136E9F0,0,2023-08-25_16h11.22.118,Pilot_VExplicitOC_RG,2022.2.5,Win32,30.00120005,,,,,,,,,,,,,,,,,,,,,,,,,,,,,,,,,,,,,,,,,,,,,,,,,,,,,,,,,,,,,,,,,,,,,,,,,,,,,,,,,,,,,,,,,,,,,,,,,,,,,,,,,,,,0,16,16,23,1,-1.2,,,,,,,
,,,,,,,,,,,60d0709ffc9b494cf65a266c,B7FA15BD-C10D-4585-91E8-B829C136E9F0,0,2023-08-25_16h11.22.118,Pilot_VExplicitOC_RG,2022.2.5,Win32,30.00120005,,,,,,,,,,,,,,,,,,,,,,,,,,,,,,,,,,,,,,,,,,,,,,,,,,,,,,,,,,,,,,,,,,,,,,,,,,,,,,,,,,,,,,random,FALSE,FALSE,FALSE,0.5,0,0,-3.996370298,2.6,-1.396370298,-0.064246865,gamble,lose,-1.396370298,-22.52917128,,,,,,,,0,17,17,16,1,2.6,,,,,,,
,,,,,,,,,,,60d0709ffc9b494cf65a266c,B7FA15BD-C10D-4585-91E8-B829C136E9F0,0,2023-08-25_16h11.22.118,Pilot_VExplicitOC_RG,2022.2.5,Win32,30.00120005,,,,,,,,,,,,,,,,,,,,,,,,,,,,,,,,,,,,,,,,,,,,,,,,,,,,,,,,,,,,,,,,,,,,,,,,,,,,,,,,,,,,,,random,FALSE,FALSE,FALSE,0.5,0,0,-1.147833297,2.3,1.152166703,1.534777802,gamble,lose,1.152166703,-21.37700457,,,,,,,,0,18,18,14,1,2.3,,,,,,,
,,,,,,,,,,,60d0709ffc9b494cf65a266c,B7FA15BD-C10D-4585-91E8-B829C136E9F0,0,2023-08-25_16h11.22.118,Pilot_VExplicitOC_RG,2022.2.5,Win32,30.00120005,,,,,,,,,,,,,,,happy,"unhappy, happy","less happy, more happy",,,,,2.0042,,,,,,,,,,,,,,,,,,,,,,,,,,,,,,,,,,,,,,,,,,,,,,,,,,,,,,,,,,,,,,,,random,FALSE,FALSE,TRUE,0.5,0,0,3.425966146,-0.474033854,-3.9,-2.758011285,gamble,win,-0.474033854,-21.85103843,,,0,0,0,0,1,,,,,,,,,,,,,
,,,,,,,,,,,60d0709ffc9b494cf65a266c,B7FA15BD-C10D-4585-91E8-B829C136E9F0,0,2023-08-25_16h11.22.118,Pilot_VExplicitOC_RG,2022.2.5,Win32,30.00120005,,,,,,,,,,,,,,,bored,"bored, not bored","more bored, less bored",,,,,2.016,,,,,,,,,,,,,,,,,,,,,,,,,,,,,,,,,,,,,,,,,,,,,,,,,,,,,,,,,,,,,,,,,,,,,,,,,,,,,,,,,0,1,1,2,1,,,,,,,,,,,,,
,,,,,,,,,,,60d0709ffc9b494cf65a266c,B7FA15BD-C10D-4585-91E8-B829C136E9F0,0,2023-08-25_16h11.22.118,Pilot_VExplicitOC_RG,2022.2.5,Win32,30.00120005,,,,,,,,,,,,,,,frustrated,"frustrated, not frustrated","more frustrated, less frustrated",,,,,2.0071,,,,,,,,,,,,,,,,,,,,,,,,,,,,,,,,,,,,,,,,,,,,,,,,,,,,,,,,,,,,,,,,,,,,,,,,,,,,,,,,,0,2,2,1,1,,,,,,,,,,,,,
,,,,,,,,,,,60d0709ffc9b494cf65a266c,B7FA15BD-C10D-4585-91E8-B829C136E9F0,0,2023-08-25_16h11.22.118,Pilot_VExplicitOC_RG,2022.2.5,Win32,30.00120005,,,,,,,,,,,,,,,,,,,,,,,,,,,,,,,,,,,,,,,,,,,,,,,,,,,,,,,,,,,,,,,,,,,,,,,,,,,,,,,,,,,,,,,,,,,,,,,,,,,,,,,,,,,,0,19,19,17,1,-3.9,,,,,,,
,,,,,,,,,,,60d0709ffc9b494cf65a266c,B7FA15BD-C10D-4585-91E8-B829C136E9F0,0,2023-08-25_16h11.22.118,Pilot_VExplicitOC_RG,2022.2.5,Win32,30.00120005,,,,,,,,,,,,,,,,,,,,,,,,,,,,,,,,,,,,,,,,,,,,,,,,,,,,,,,,,,,,,,,,,,,,,,,,,,,,,,,,,,,,,,random,FALSE,FALSE,FALSE,0.5,0,0,-4.306363861,-0.6,-4.906363861,-3.470909241,gamble,lose,-4.906363861,-26.75740229,,,,,,,,0,20,20,19,1,-0.6,,,,,,,
,,,,,,,,,,,60d0709ffc9b494cf65a266c,B7FA15BD-C10D-4585-91E8-B829C136E9F0,0,2023-08-25_16h11.22.118,Pilot_VExplicitOC_RG,2022.2.5,Win32,30.00120005,,,,,,,,,,,,,,,bored,"bored, not bored","more bored, less bored",,,,,2.0132,,,,,,,,,,,,,,,,,,,,,,,,,,,,,,,,,,,,,,,,,,,,,,,,,,,,,,,,,,,,,,,,random,FALSE,FALSE,FALSE,0.5,0,0,3.125752096,7.125752096,4,5.041917365,gamble,win,7.125752096,-19.63165019,,,0,0,0,2,1,,,,,,,,,,,,,
,,,,,,,,,,,60d0709ffc9b494cf65a266c,B7FA15BD-C10D-4585-91E8-B829C136E9F0,0,2023-08-25_16h11.22.118,Pilot_VExplicitOC_RG,2022.2.5,Win32,30.00120005,,,,,,,,,,,,,,,happy,"unhappy, happy","less happy, more happy",,,,,2.0155,,,,,,,,,,,,,,,,,,,,,,,,,,,,,,,,,,,,,,,,,,,,,,,,,,,,,,,,,,,,,,,,,,,,,,,,,,,,,,,,,0,1,1,0,1,,,,,,,,,,,,,
,,,,,,,,,,,60d0709ffc9b494cf65a266c,B7FA15BD-C10D-4585-91E8-B829C136E9F0,0,2023-08-25_16h11.22.118,Pilot_VExplicitOC_RG,2022.2.5,Win32,30.00120005,,,,,,,,,,,,,,,frustrated,"frustrated, not frustrated","more frustrated, less frustrated",,,,,2.0157,,,,,,,,,,,,,,,,,,,,,,,,,,,,,,,,,,,,,,,,,,,,,,,,,,,,,,,,,,,,,,,,,,,,,,,,,,,,,,,,,0,2,2,1,1,,,,,,,,,,,,,
,,,,,,,,,,,60d0709ffc9b494cf65a266c,B7FA15BD-C10D-4585-91E8-B829C136E9F0,0,2023-08-25_16h11.22.118,Pilot_VExplicitOC_RG,2022.2.5,Win32,30.00120005,,,,,,,,,,,,,,,,,,,,,,,,,,,,,,,,,,,,,,,,,,,,,,,,,,,,,,,,,,,,,,,,,,,,,,,,,,,,,,,,,,,,,,,,,,,,,,,,,,,,,,,,,,,,0,21,21,26,1,4,,,,,,,
,,,,,,,,,,,60d0709ffc9b494cf65a266c,B7FA15BD-C10D-4585-91E8-B829C136E9F0,0,2023-08-25_16h11.22.118,Pilot_VExplicitOC_RG,2022.2.5,Win32,30.00120005,,,,,,,,,,,,,,,,,,,,,,,,,,,,,,,,,,,,,,,,,,,,,,,,,,,,,,,,,,,,,,,,,,,,,,,,,,,,,,,,,,,,,,random,FALSE,FALSE,FALSE,0.5,0,0,-3.895350757,-3.1,-6.995350757,-5.696900505,gamble,lose,-6.995350757,-26.62700095,,,,,,,,0,22,22,2,1,-3.1,,,,,,,
,,,,,,,,,,,60d0709ffc9b494cf65a266c,B7FA15BD-C10D-4585-91E8-B829C136E9F0,0,2023-08-25_16h11.22.118,Pilot_VExplicitOC_RG,2022.2.5,Win32,30.00120005,,,,,,,,,,,,,,,bored,"bored, not bored","more bored, less bored",,,,,2.0116,,,,,,,,,,,,,,,,,,,,,,,,,,,,,,,,,,,,,,,,,,,,,,,,,,,,,,,,,,,,,,,,random,FALSE,FALSE,FALSE,0.5,0,0,3.308469592,4.708469592,1.4,2.502823197,gamble,win,4.708469592,-21.91853136,,,0,0,0,2,1,,,,,,,,,,,,,
,,,,,,,,,,,60d0709ffc9b494cf65a266c,B7FA15BD-C10D-4585-91E8-B829C136E9F0,0,2023-08-25_16h11.22.118,Pilot_VExplicitOC_RG,2022.2.5,Win32,30.00120005,,,,,,,,,,,,,,,frustrated,"frustrated, not frustrated","more frustrated, less frustrated",,,,,2.0075,,,,,,,,,,,,,,,,,,,,,,,,,,,,,,,,,,,,,,,,,,,,,,,,,,,,,,,,,,,,,,,,,,,,,,,,,,,,,,,,,0,1,1,1,1,,,,,,,,,,,,,
,,,,,,,,,,,60d0709ffc9b494cf65a266c,B7FA15BD-C10D-4585-91E8-B829C136E9F0,0,2023-08-25_16h11.22.118,Pilot_VExplicitOC_RG,2022.2.5,Win32,30.00120005,,,,,,,,,,,,,,,happy,"unhappy, happy","less happy, more happy",,,,,2.0157,,,,,,,,,,,,,,,,,,,,,,,,,,,,,,,,,,,,,,,,,,,,,,,,,,,,,,,,,,,,,,,,,,,,,,,,,,,,,,,,,0,2,2,0,1,,,,,,,,,,,,,
,,,,,,,,,,,60d0709ffc9b494cf65a266c,B7FA15BD-C10D-4585-91E8-B829C136E9F0,0,2023-08-25_16h11.22.118,Pilot_VExplicitOC_RG,2022.2.5,Win32,30.00120005,,,,,,,,,,,,,,,,,,,,,,,,,,,,,,,,,,,,,,,,,,,,,,,,,,,,,,,,,,,,,,,,,,,,,,,,,,,,,,,,,,,,,,,,,,,,,,,,,,,,,,,,,,,,0,23,23,21,1,1.4,,,,,,,
,,,,,,,,,,,60d0709ffc9b494cf65a266c,B7FA15BD-C10D-4585-91E8-B829C136E9F0,0,2023-08-25_16h11.22.118,Pilot_VExplicitOC_RG,2022.2.5,Win32,30.00120005,,,,,,,,,,,,,,,,,,,,,,,,,,,,,,,,,,,,,,,,,,,,,,,,,,,,,,,,,,,,,,,,,,,,,,,,,,,,,,,,,,,,,,random,FALSE,FALSE,TRUE,0.5,0,0,2.07810166,2.17810166,0.1,0.792700553,gamble,win,2.17810166,-19.7404297,,,,,,,,0,24,24,0,1,0.1,,,,,,,
,,,,,,,,,,,60d0709ffc9b494cf65a266c,B7FA15BD-C10D-4585-91E8-B829C136E9F0,0,2023-08-25_16h11.22.118,Pilot_VExplicitOC_RG,2022.2.5,Win32,30.00120005,,,,,,,,,,,,,,,,,,,,,,,,,,,,,,,,,,,,,,,,,,,,,,,,,,,,,,,,,,,,,,,,,,,,,,,,,,,,,,,,,,,,,,random,FALSE,FALSE,FALSE,0.5,0,0,2.159284831,2.759284831,0.6,1.31976161,gamble,win,2.759284831,-16.98114487,,,,,,,,0,25,25,12,1,0.6,,,,,,,
,,,,,,,,,,,60d0709ffc9b494cf65a266c,B7FA15BD-C10D-4585-91E8-B829C136E9F0,0,2023-08-25_16h11.22.118,Pilot_VExplicitOC_RG,2022.2.5,Win32,30.00120005,,,,,,,,,,,,,,,happy,"unhappy, happy","less happy, more happy",,,,,2.0053,,,,,,,,,,,,,,,,,,,,,,,,,,,,,,,,,,,,,,,,,,,,,,,,,,,,,,,,,,,,,,,,random,FALSE,FALSE,FALSE,0.5,0,0,-2.746222896,2.8,0.053777104,0.969184736,gamble,lose,0.053777104,-16.92736776,,,0,0,0,0,1,,,,,,,,,,,,,
,,,,,,,,,,,60d0709ffc9b494cf65a266c,B7FA15BD-C10D-4585-91E8-B829C136E9F0,0,2023-08-25_16h11.22.118,Pilot_VExplicitOC_RG,2022.2.5,Win32,30.00120005,,,,,,,,,,,,,,,bored,"bored, not bored","more bored, less bored",,,,,2.0157,,,,,,,,,,,,,,,,,,,,,,,,,,,,,,,,,,,,,,,,,,,,,,,,,,,,,,,,,,,,,,,,,,,,,,,,,,,,,,,,,0,1,1,2,1,,,,,,,,,,,,,
,,,,,,,,,,,60d0709ffc9b494cf65a266c,B7FA15BD-C10D-4585-91E8-B829C136E9F0,0,2023-08-25_16h11.22.118,Pilot_VExplicitOC_RG,2022.2.5,Win32,30.00120005,,,,,,,,,,,,,,,frustrated,"frustrated, not frustrated","more frustrated, less frustrated",,,,,2.0078,,,,,,,,,,,,,,,,,,,,,,,,,,,,,,,,,,,,,,,,,,,,,,,,,,,,,,,,,,,,,,,,,,,,,,,,,,,,,,,,,0,2,2,1,1,,,,,,,,,,,,,
,,,,,,,,,,,60d0709ffc9b494cf65a266c,B7FA15BD-C10D-4585-91E8-B829C136E9F0,0,2023-08-25_16h11.22.118,Pilot_VExplicitOC_RG,2022.2.5,Win32,30.00120005,,,,,,,,,,,,,,,,,,,,,,,,,,,,,,,,,,,,,,,,,,,,,,,,,,,,,,,,,,,,,,,,,,,,,,,,,,,,,,,,,,,,,,,,,,,,,,,,,,,,,,,,,,,,0,26,26,25,1,2.8,,,,,,,
,,,,,,,,,,,60d0709ffc9b494cf65a266c,B7FA15BD-C10D-4585-91E8-B829C136E9F0,0,2023-08-25_16h11.22.118,Pilot_VExplicitOC_RG,2022.2.5,Win32,30.00120005,,,,,,,,,,,,,,,,,,,,,,,,,,,,,,,,,,,,,,,,,,,,,,,,,,,,,,,,,,,,,,,,,,,,,,,,,,,,,,,,,,,,,,random,FALSE,FALSE,FALSE,0.5,0,0,1.682177417,0.282177417,-1.4,-0.839274194,gamble,win,0.282177417,-16.64519035,,,,,,,,0,27,27,27,1,-1.4,,,,,,,
,,,,,,,,,,,60d0709ffc9b494cf65a266c,B7FA15BD-C10D-4585-91E8-B829C136E9F0,0,2023-08-25_16h11.22.118,Pilot_VExplicitOC_RG,2022.2.5,Win32,30.00120005,,,,,,,,,,,,,,,happy,"unhappy, happy","less happy, more happy",,,,,2.0054,,,,,,,,,,,,,,,,,,,,,,,,,,,,,,,,,,,,,,,,,,,,,,,,,,,,,,,,,,,,,,,,random,FALSE,FALSE,TRUE,0.5,0,0,-3.831520137,-2.4,-6.231520137,-4.954346758,gamble,lose,-6.231520137,-22.87671048,,,0,0,0,0,1,,,,,,,,,,,,,
,,,,,,,,,,,60d0709ffc9b494cf65a266c,B7FA15BD-C10D-4585-91E8-B829C136E9F0,0,2023-08-25_16h11.22.118,Pilot_VExplicitOC_RG,2022.2.5,Win32,30.00120005,,,,,,,,,,,,,,,bored,"bored, not bored","more bored, less bored",,,,,2.0158,,,,,,,,,,,,,,,,,,,,,,,,,,,,,,,,,,,,,,,,,,,,,,,,,,,,,,,,,,,,,,,,,,,,,,,,,,,,,,,,,0,1,1,2,1,,,,,,,,,,,,,
,,,,,,,,,,,60d0709ffc9b494cf65a266c,B7FA15BD-C10D-4585-91E8-B829C136E9F0,0,2023-08-25_16h11.22.118,Pilot_VExplicitOC_RG,2022.2.5,Win32,30.00120005,,,,,,,,,,,,,,,frustrated,"frustrated, not frustrated","more frustrated, less frustrated",,,,,2.0155,,,,,,,,,,,,,,,,,,,,,,,,,,,,,,,,,,,,,,,,,,,,,,,,,,,,,,,,,,,,,,,,,,,,,,,,,,,,,,,,,0,2,2,1,1,,,,,,,,,,,,,
,,,,,,,,,,,60d0709ffc9b494cf65a266c,B7FA15BD-C10D-4585-91E8-B829C136E9F0,0,2023-08-25_16h11.22.118,Pilot_VExplicitOC_RG,2022.2.5,Win32,30.00120005,,,,,,,,,,,,,,,,,,,,,,,,,,,,,,,,,,,,,,,,,,,,,,,,,,,,,,,,,,,,,,,,,,,,,,,,,,,,,,,,,,,,,,,,,,,,,,,,,,,,,,,,,,,,0,28,28,22,1,-2.4,,,,,,,
,,,,,,,,,,,60d0709ffc9b494cf65a266c,B7FA15BD-C10D-4585-91E8-B829C136E9F0,0,2023-08-25_16h11.22.118,Pilot_VExplicitOC_RG,2022.2.5,Win32,30.00120005,,,,,,,,,,,,,,,,,,,,,,,,,,,,,,,,,,,,,,,,,,,,,,,,,,,,,,,,,,,,,,,,,,,,,,,,,,,,,,,,,,,,,,random,FALSE,FALSE,FALSE,0.5,0,0,-3.991346821,-0.8,-4.791346821,-3.460897881,gamble,lose,-4.791346821,-27.6680573,,,,,,,,0,29,29,13,1,-0.8,,,,,,,
,,,,,,,,,,,60d0709ffc9b494cf65a266c,B7FA15BD-C10D-4585-91E8-B829C136E9F0,0,2023-08-25_16h11.22.118,Pilot_VExplicitOC_RG,2022.2.5,Win32,30.00120005,,,,,,,,,,,,,,,frustrated,"frustrated, not frustrated","more frustrated, less frustrated",,,,,2.0021,,,,,,,,,,,,,,,,,,,,,,,,,,,,,,,,,,,,,,,,,,,,,,,,,,,,,,,,,,,,,,,,random,FALSE,FALSE,TRUE,0.5,0,0,3.61305985,1.81305985,-1.8,-0.595646717,gamble,win,1.81305985,-25.85499745,,,0,0,0,1,1,,,,,,,,,,,,,
,,,,,,,,,,,60d0709ffc9b494cf65a266c,B7FA15BD-C10D-4585-91E8-B829C136E9F0,0,2023-08-25_16h11.22.118,Pilot_VExplicitOC_RG,2022.2.5,Win32,30.00120005,,,,,,,,,,,,,,,bored,"bored, not bored","more bored, less bored",,,,,2.0155,,,,,,,,,,,,,,,,,,,,,,,,,,,,,,,,,,,,,,,,,,,,,,,,,,,,,,,,,,,,,,,,,,,,,,,,,,,,,,,,,0,1,1,2,1,,,,,,,,,,,,,
,,,,,,,,,,,60d0709ffc9b494cf65a266c,B7FA15BD-C10D-4585-91E8-B829C136E9F0,0,2023-08-25_16h11.22.118,Pilot_VExplicitOC_RG,2022.2.5,Win32,30.00120005,,,,,,,,,,,,,,,happy,"unhappy, happy","less happy, more happy",,,,,2.0154,,,,,,,,,,,,,,,,,,,,,,,,,,,,,,,,,,,,,,,,,,,,,,,,,,,,,,,,,,,,,,,,,,,,,,,,,,,,,,,,,0,2,2,0,1,,,,,,,,,,,,,
,,,,,,,,,,,60d0709ffc9b494cf65a266c,B7FA15BD-C10D-4585-91E8-B829C136E9F0,0,2023-08-25_16h11.22.118,Pilot_VExplicitOC_RG,2022.2.5,Win32,30.00120005,,,,,,,,,,,,,,,,,,,,,,,,,,,,,,,,,,,,,,,,,,,,,,,,,,,,,,,,,,,,,,,,,,,,,,,,,,,,,,,,,,,,,,,,,,,,,,,,,,,,,,,,,,,,0,30,30,11,1,-1.8,,,,,,,
,,,,,,,,,,,60d0709ffc9b494cf65a266c,B7FA15BD-C10D-4585-91E8-B829C136E9F0,0,2023-08-25_16h11.22.118,Pilot_VExplicitOC_RG,2022.2.5,Win32,30.00120005,,,,,,,,,,,,,,,,,,,,,,,,,,,,,,,,,,,,,,,,,,,,,,,,,,,,,,,,,,,,,,,,,,,,,,,,,,,,,,,,,,,,,,random,FALSE,FALSE,FALSE,0.5,0,0,0.249568139,-2.350431861,-2.6,-2.51681062,gamble,win,-2.350431861,-28.20542931,,,,,,,,0,31,31,15,1,-2.6,,,,,,,
,,,,,,,,,,,60d0709ffc9b494cf65a266c,B7FA15BD-C10D-4585-91E8-B829C136E9F0,0,2023-08-25_16h11.22.118,Pilot_VExplicitOC_RG,2022.2.5,Win32,30.00120005,,,,,,,,,,,,,,,,,,,,,,,,,,,,,,,,,,,,,,,,,,,,,,,,,,,,,,,,,,,,,,,,,,,,,,,,,,,,,,,,,,,,,,,,,,,,,,,,,,,,,,,,,,,,,,,,,,-28.20542931,1.5,0,0,0,0,1
